4.493401e+002,-8.478131e-001
4.512686e+002,-8.710738e-001
4.531971e+002,-8.327538e-001
4.551256e+002,-8.544158e-001
4.570541e+002,-8.499435e-001
4.589826e+002,-8.283948e-001
4.609111e+002,-8.273423e-001
4.628396e+002,-7.604200e-001
4.647681e+002,-7.688123e-001
4.666966e+002,-7.018993e-001
4.686251e+002,-6.909524e-001
4.705536e+002,-7.014209e-001
4.724821e+002,-8.333755e-001
4.744106e+002,-8.200825e-001
4.763391e+002,-7.058506e-001
4.782676e+002,-7.750508e-001
4.801961e+002,-8.795336e-001
4.821246e+002,-8.452628e-001
4.840531e+002,-8.162206e-001
4.859816e+002,-7.870846e-001
4.879101e+002,-7.804890e-001
4.898386e+002,-7.968535e-001
4.917671e+002,-8.686904e-001
4.936956e+002,-8.379164e-001
4.956241e+002,-8.328705e-001
4.975526e+002,-7.655659e-001
4.994811e+002,-7.001202e-001
5.014096e+002,-7.509495e-001
5.033381e+002,-8.192775e-001
5.052666e+002,-6.716927e-001
5.071951e+002,-6.430227e-001
5.091236e+002,-6.858868e-001
5.110521e+002,-7.888195e-001
5.129806e+002,-7.974619e-001
5.149091e+002,-7.908854e-001
5.168376e+002,-7.716402e-001
5.187661e+002,-6.912691e-001
5.206946e+002,-6.419879e-001
5.226231e+002,-7.065971e-001
5.245516e+002,-7.363502e-001
5.264801e+002,-6.903824e-001
5.284086e+002,-6.142820e-001
5.303371e+002,-5.546485e-001
5.322656e+002,-5.265445e-001
5.341941e+002,-5.766784e-001
5.361226e+002,-5.198552e-001
5.380511e+002,-5.180072e-001
5.399796e+002,-5.118334e-001
5.419081e+002,-5.193594e-001
5.438365e+002,-5.141478e-001
5.457651e+002,-4.870735e-001
5.476935e+002,-4.296884e-001
5.496221e+002,-4.077200e-001
5.515506e+002,-3.917206e-001
5.534791e+002,-3.540445e-001
5.554076e+002,-3.091105e-001
5.573361e+002,-2.935993e-001
5.592646e+002,-2.385048e-001
5.611931e+002,-1.870740e-001
5.631216e+002,-1.629378e-001
5.650500e+002,-1.209960e-001
5.669786e+002,-6.933901e-002
5.689070e+002,-1.926209e-002
5.708356e+002,2.795080e-002
5.727640e+002,6.300676e-002
5.746926e+002,1.017992e-001
5.766210e+002,1.604408e-001
5.785496e+002,2.309716e-001
5.804780e+002,2.770471e-001
5.824066e+002,3.223577e-001
5.843350e+002,3.687872e-001
5.862635e+002,3.992756e-001
5.881920e+002,4.331198e-001
5.901205e+002,4.581691e-001
5.920490e+002,4.851462e-001
5.939775e+002,5.315757e-001
5.959060e+002,5.573187e-001
5.978345e+002,5.774429e-001
5.997631e+002,6.043580e-001
6.016915e+002,6.305111e-001
6.036201e+002,6.453900e-001
6.055485e+002,6.664478e-001
6.074771e+002,6.963426e-001
6.094055e+002,7.072114e-001
6.113340e+002,7.216272e-001
6.132625e+002,7.490196e-001
6.151910e+002,7.674429e-001
6.171195e+002,7.831518e-001
6.190480e+002,7.973729e-001
6.209765e+002,8.083780e-001
6.229050e+002,8.208391e-001
6.248335e+002,8.345740e-001
6.267620e+002,8.504165e-001
6.286905e+002,8.658548e-001
6.306190e+002,8.605502e-001
6.325475e+002,8.672702e-001
6.344760e+002,8.877296e-001
6.364045e+002,8.941075e-001
6.383330e+002,8.961937e-001
6.402615e+002,8.958333e-001
6.421900e+002,9.045437e-001
6.441185e+002,9.201670e-001
6.460470e+002,9.427508e-001
6.479755e+002,9.348446e-001
6.499040e+002,9.251016e-001
6.518325e+002,9.221208e-001
6.537610e+002,9.416392e-001
6.556895e+002,9.659309e-001
6.576180e+002,9.784369e-001
6.595465e+002,9.974018e-001
6.614750e+002,1.000481e+000
6.634035e+002,1.000213e+000
6.653320e+002,9.950315e-001
6.672605e+002,8.731372e-001
6.691890e+002,8.912088e-001
6.711175e+002,1.022306e+000
6.730460e+002,1.043340e+000
6.749745e+002,1.050841e+000
6.769030e+002,1.072126e+000
6.788315e+002,1.071293e+000
6.807599e+002,1.048404e+000
6.826885e+002,1.067900e+000
6.846169e+002,1.082381e+000
6.865455e+002,1.078525e+000
6.884739e+002,1.093972e+000
6.904025e+002,1.112622e+000
6.923309e+002,1.120718e+000
6.942595e+002,1.127292e+000
6.961880e+002,1.128927e+000
6.981165e+002,1.142632e+000
7.000450e+002,1.162107e+000
7.019734e+002,1.167435e+000
7.039020e+002,1.178310e+000
7.058304e+002,1.195911e+000
7.077590e+002,1.200138e+000
7.096874e+002,1.213534e+000
7.116160e+002,1.209251e+000
7.135444e+002,1.202908e+000
7.154730e+002,1.215260e+000
7.174014e+002,1.222479e+000
7.193300e+002,1.219188e+000
7.212584e+002,1.209496e+000
7.231870e+002,1.215585e+000
7.251154e+002,1.218812e+000
7.270439e+002,1.228109e+000
7.289724e+002,1.230543e+000
7.309009e+002,1.224467e+000
7.328294e+002,1.228349e+000
7.347579e+002,1.248803e+000
7.366864e+002,1.240197e+000
7.386149e+002,1.224587e+000
7.405434e+002,1.228865e+000
7.424719e+002,1.234035e+000
7.444004e+002,1.224521e+000
7.463289e+002,1.227348e+000
7.482574e+002,1.238553e+000
7.501859e+002,1.253979e+000
7.521144e+002,1.259919e+000
7.540429e+002,1.267097e+000
7.559714e+002,1.274055e+000
7.578999e+002,1.273010e+000
7.598284e+002,1.263392e+000
7.617569e+002,1.250592e+000
7.636854e+002,1.238546e+000
7.656139e+002,1.242343e+000
7.675424e+002,1.256695e+000
7.694709e+002,1.269542e+000
7.713994e+002,1.271465e+000
7.733279e+002,1.276976e+000
7.752564e+002,1.278885e+000
7.771849e+002,1.284090e+000
7.791134e+002,1.286626e+000
7.810419e+002,1.299378e+000
7.829704e+002,1.302849e+000
7.848989e+002,1.299275e+000
7.868274e+002,1.292574e+000
7.887559e+002,1.289234e+000
7.906844e+002,1.286430e+000
7.926129e+002,1.294381e+000
7.945414e+002,1.305614e+000
7.964699e+002,1.297932e+000
7.983984e+002,1.282788e+000
8.003269e+002,1.287245e+000
8.022554e+002,1.306862e+000
8.041839e+002,1.315607e+000
8.061124e+002,1.305092e+000
8.080409e+002,1.311792e+000
8.099694e+002,1.335820e+000
8.118979e+002,1.346124e+000
8.138264e+002,1.339728e+000
8.157549e+002,1.336212e+000
8.176833e+002,1.336254e+000
8.196119e+002,1.336910e+000
8.215403e+002,1.340890e+000
8.234689e+002,1.346827e+000
8.253973e+002,1.349234e+000
8.273259e+002,1.356446e+000
8.292543e+002,1.359403e+000
8.311829e+002,1.350273e+000
8.331113e+002,1.347519e+000
8.350399e+002,1.352400e+000
8.369683e+002,1.353809e+000
8.388969e+002,1.352808e+000
8.408253e+002,1.359751e+000
8.427538e+002,1.366807e+000
8.446824e+002,1.359032e+000
8.466108e+002,1.363528e+000
8.485394e+002,1.368648e+000
8.504678e+002,1.364180e+000
8.523964e+002,1.375749e+000
8.543248e+002,1.386276e+000
8.562534e+002,1.391965e+000
8.581818e+002,1.390536e+000
8.601104e+002,1.389803e+000
8.620388e+002,1.390925e+000
8.639673e+002,1.380678e+000
8.658958e+002,1.391137e+000
8.678243e+002,1.393478e+000
8.697528e+002,1.378373e+000
8.716813e+002,1.382766e+000
8.736098e+002,1.404203e+000
8.755383e+002,1.400457e+000
8.774668e+002,1.383947e+000
8.793953e+002,1.374879e+000
8.813238e+002,1.379557e+000
8.832523e+002,1.393068e+000
8.851808e+002,1.401016e+000
8.871093e+002,1.403261e+000
8.890378e+002,1.401261e+000
8.909663e+002,1.400115e+000
8.928948e+002,1.394443e+000
8.948233e+002,1.395917e+000
8.967518e+002,1.407612e+000
8.986803e+002,1.427858e+000
9.006088e+002,1.431496e+000
9.025373e+002,1.417182e+000
9.044658e+002,1.419093e+000
9.063943e+002,1.413740e+000
9.083228e+002,1.413441e+000
9.102513e+002,1.427151e+000
9.121798e+002,1.436198e+000
9.141083e+002,1.429393e+000
9.160368e+002,1.425360e+000
9.179653e+002,1.429845e+000
9.198938e+002,1.439964e+000
9.218223e+002,1.456825e+000
9.237508e+002,1.464550e+000
9.256793e+002,1.451313e+000
9.276078e+002,1.443097e+000
9.295363e+002,1.445441e+000
9.314648e+002,1.449542e+000
9.333932e+002,1.457749e+000
9.353218e+002,1.450421e+000
9.372502e+002,1.449856e+000
9.391788e+002,1.448577e+000
9.411072e+002,1.451577e+000
9.430358e+002,1.453326e+000
9.449643e+002,1.461417e+000
9.468928e+002,1.464976e+000
9.488213e+002,1.458747e+000
9.507498e+002,1.463529e+000
9.526783e+002,1.480861e+000
9.546068e+002,1.480711e+000
9.565353e+002,1.462965e+000
9.584637e+002,1.468905e+000
9.603923e+002,1.481297e+000
9.623207e+002,1.483682e+000
9.642493e+002,1.487430e+000
9.661777e+002,1.480534e+000
9.681063e+002,1.468817e+000
9.700347e+002,1.478625e+000
9.719633e+002,1.482854e+000
9.738917e+002,1.486470e+000
9.758203e+002,1.493716e+000
9.777487e+002,1.497642e+000
9.796772e+002,1.489289e+000
9.816057e+002,1.482147e+000
9.835342e+002,1.474714e+000
9.854627e+002,1.478406e+000
9.873912e+002,1.500821e+000
9.893197e+002,1.520969e+000
9.912482e+002,1.518531e+000
9.931768e+002,1.514982e+000
9.951052e+002,1.507627e+000
9.970338e+002,1.503222e+000
9.989622e+002,1.497479e+000
1.000891e+003,1.502407e+000
1.002819e+003,1.514819e+000
1.004748e+003,1.512918e+000
1.006676e+003,1.500217e+000
1.008605e+003,1.504784e+000
1.010533e+003,1.511821e+000
1.012462e+003,1.513133e+000
1.014390e+003,1.519642e+000
1.016319e+003,1.527869e+000
1.018247e+003,1.524372e+000
1.020176e+003,1.506678e+000
1.022104e+003,1.498029e+000
1.024033e+003,1.503015e+000
1.025961e+003,1.504114e+000
1.027890e+003,1.508037e+000
1.029818e+003,1.519317e+000
1.031747e+003,1.522806e+000
1.033675e+003,1.512333e+000
1.035604e+003,1.510026e+000
1.037532e+003,1.524530e+000
1.039461e+003,1.534443e+000
1.041389e+003,1.537642e+000
1.043318e+003,1.540416e+000
1.045246e+003,1.538746e+000
1.047175e+003,1.535415e+000
1.049103e+003,1.531444e+000
1.051032e+003,1.521607e+000
1.052960e+003,1.523374e+000
1.054889e+003,1.524372e+000
1.056817e+003,1.521942e+000
1.058746e+003,1.536410e+000
1.060674e+003,1.541749e+000
1.062603e+003,1.537170e+000
1.064531e+003,1.540530e+000
1.066460e+003,1.538242e+000
1.068388e+003,1.548227e+000
1.070317e+003,1.559704e+000
1.072245e+003,1.550675e+000
1.074174e+003,1.543349e+000
1.076102e+003,1.551535e+000
1.078031e+003,1.562007e+000
1.079959e+003,1.574203e+000
1.081888e+003,1.575277e+000
1.083816e+003,1.557779e+000
1.085745e+003,1.564936e+000
1.087673e+003,1.569420e+000
1.089602e+003,1.558223e+000
1.091530e+003,1.556980e+000
1.093459e+003,1.561588e+000
1.095387e+003,1.566882e+000
1.097316e+003,1.576672e+000
1.099244e+003,1.583605e+000
1.101173e+003,1.577120e+000
1.103101e+003,1.576882e+000
1.105030e+003,1.583135e+000
1.106958e+003,1.582722e+000
1.108887e+003,1.589796e+000
1.110815e+003,1.577793e+000
1.112744e+003,1.572857e+000
1.114672e+003,1.576141e+000
1.116601e+003,1.586440e+000
1.118529e+003,1.588227e+000
1.120458e+003,1.588460e+000
1.122386e+003,1.587551e+000
1.124315e+003,1.586682e+000
1.126243e+003,1.596438e+000
1.128172e+003,1.610020e+000
1.130100e+003,1.608242e+000
1.132029e+003,1.620150e+000
1.133957e+003,1.637540e+000
1.135886e+003,1.633119e+000
1.137814e+003,1.628839e+000
1.139743e+003,1.617853e+000
1.141671e+003,1.606573e+000
1.143600e+003,1.617357e+000
1.145528e+003,1.622829e+000
1.147457e+003,1.629809e+000
1.149385e+003,1.625226e+000
1.151314e+003,1.613020e+000
1.153242e+003,1.621871e+000
1.155171e+003,1.632404e+000
1.157099e+003,1.619504e+000
1.159028e+003,1.625783e+000
1.160956e+003,1.630699e+000
1.162885e+003,1.624089e+000
1.164813e+003,1.633935e+000
1.166742e+003,1.631386e+000
1.168670e+003,1.621303e+000
1.170599e+003,1.634351e+000
1.172527e+003,1.638580e+000
1.174456e+003,1.624315e+000
1.176384e+003,1.622582e+000
1.178313e+003,1.641841e+000
1.180241e+003,1.642233e+000
1.182170e+003,1.639390e+000
1.184098e+003,1.656461e+000
1.186027e+003,1.662584e+000
1.187955e+003,1.659038e+000
1.189884e+003,1.666275e+000
1.191812e+003,1.655441e+000
1.193741e+003,1.665782e+000
1.195669e+003,1.692319e+000
1.197598e+003,1.702563e+000
1.199526e+003,1.703900e+000
1.201455e+003,1.698260e+000
1.203383e+003,1.680546e+000
1.205312e+003,1.675212e+000
1.207240e+003,1.691982e+000
1.209169e+003,1.707464e+000
1.211097e+003,1.707353e+000
1.213026e+003,1.714874e+000
1.214954e+003,1.693602e+000
1.216883e+003,1.668977e+000
1.218811e+003,1.667438e+000
1.220740e+003,1.692332e+000
1.222668e+003,1.701420e+000
1.224597e+003,1.691132e+000
1.226525e+003,1.684013e+000
1.228453e+003,1.691877e+000
1.230382e+003,1.688726e+000
1.232311e+003,1.681317e+000
1.234239e+003,1.692625e+000
1.236167e+003,1.697113e+000
1.238096e+003,1.695745e+000
1.240025e+003,1.696697e+000
1.241953e+003,1.698396e+000
1.243882e+003,1.703051e+000
1.245810e+003,1.706218e+000
1.247739e+003,1.713806e+000
1.249667e+003,1.709409e+000
1.251596e+003,1.719521e+000
1.253524e+003,1.726813e+000
1.255453e+003,1.723626e+000
1.257381e+003,1.722326e+000
1.259310e+003,1.721592e+000
1.261238e+003,1.715948e+000
1.263167e+003,1.720081e+000
1.265095e+003,1.721953e+000
1.267024e+003,1.728741e+000
1.268952e+003,1.730853e+000
1.270880e+003,1.733737e+000
1.272809e+003,1.732898e+000
1.274738e+003,1.739798e+000
1.276666e+003,1.734739e+000
1.278594e+003,1.725202e+000
1.280523e+003,1.720331e+000
1.282452e+003,1.717708e+000
1.284380e+003,1.724670e+000
1.286308e+003,1.747789e+000
1.288237e+003,1.763772e+000
1.290166e+003,1.750437e+000
1.292094e+003,1.738583e+000
1.294022e+003,1.740942e+000
1.295951e+003,1.740575e+000
1.297880e+003,1.748842e+000
1.299808e+003,1.749830e+000
1.301736e+003,1.749671e+000
1.303665e+003,1.739788e+000
1.305594e+003,1.726341e+000
1.307522e+003,1.719197e+000
1.309450e+003,1.721502e+000
1.311379e+003,1.735403e+000
1.313307e+003,1.751717e+000
1.315236e+003,1.742138e+000
1.317164e+003,1.742474e+000
1.319093e+003,1.739343e+000
1.321021e+003,1.756680e+000
1.322950e+003,1.767103e+000
1.324878e+003,1.760100e+000
1.326807e+003,1.760371e+000
1.328735e+003,1.749032e+000
1.330664e+003,1.738289e+000
1.332592e+003,1.754672e+000
1.334521e+003,1.750743e+000
1.336449e+003,1.734220e+000
1.338378e+003,1.723383e+000
1.340307e+003,1.725589e+000
1.342235e+003,1.761961e+000
1.344163e+003,1.778094e+000
1.346092e+003,1.764064e+000
1.348021e+003,1.747495e+000
1.349949e+003,1.735229e+000
1.351877e+003,1.738922e+000
1.353806e+003,1.761104e+000
1.355734e+003,1.781092e+000
1.357663e+003,1.784280e+000
1.359591e+003,1.767997e+000
1.361520e+003,1.714367e+000
1.363448e+003,1.682935e+000
1.365377e+003,1.720012e+000
1.367305e+003,1.746781e+000
1.369234e+003,1.746496e+000
1.371162e+003,1.755383e+000
1.373091e+003,1.720821e+000
1.375019e+003,1.699551e+000
1.376948e+003,1.724813e+000
1.378876e+003,1.751594e+000
1.380805e+003,1.761432e+000
1.382733e+003,1.753268e+000
1.384662e+003,1.738832e+000
1.386590e+003,1.699680e+000
1.388519e+003,1.689470e+000
1.390447e+003,1.718303e+000
1.392376e+003,1.708855e+000
1.394304e+003,1.656322e+000
1.396233e+003,1.659866e+000
1.398161e+003,1.680291e+000
1.400090e+003,1.699346e+000
1.402018e+003,1.725416e+000
1.403947e+003,1.692166e+000
1.405875e+003,1.679394e+000
1.407804e+003,1.700983e+000
1.409732e+003,1.702933e+000
1.411661e+003,1.693471e+000
1.413589e+003,1.689592e+000
1.415518e+003,1.662096e+000
1.417446e+003,1.602571e+000
1.419375e+003,1.556612e+000
1.421303e+003,1.603958e+000
1.423232e+003,1.607173e+000
1.425160e+003,1.596132e+000
1.427089e+003,1.596226e+000
1.429017e+003,1.571582e+000
1.430946e+003,1.558406e+000
1.432874e+003,1.556793e+000
1.434803e+003,1.520460e+000
1.436731e+003,1.478648e+000
1.438660e+003,1.509445e+000
1.440588e+003,1.519612e+000
1.442517e+003,1.504323e+000
1.444445e+003,1.492009e+000
1.446374e+003,1.468210e+000
1.448302e+003,1.442279e+000
1.450231e+003,1.445830e+000
1.452159e+003,1.447988e+000
1.454088e+003,1.431222e+000
1.456016e+003,1.364493e+000
1.457945e+003,1.351066e+000
1.459873e+003,1.434054e+000
1.461802e+003,1.462387e+000
1.463730e+003,1.443610e+000
1.465659e+003,1.444888e+000
1.467587e+003,1.478994e+000
1.469516e+003,1.481657e+000
1.471444e+003,1.429722e+000
1.473373e+003,1.399880e+000
1.475301e+003,1.423107e+000
1.477230e+003,1.440543e+000
1.479158e+003,1.458942e+000
1.481087e+003,1.450873e+000
1.483015e+003,1.447371e+000
1.484944e+003,1.440134e+000
1.486872e+003,1.406741e+000
1.488801e+003,1.365351e+000
1.490729e+003,1.366354e+000
1.492658e+003,1.405054e+000
1.494586e+003,1.397178e+000
1.496515e+003,1.360201e+000
1.498443e+003,1.369545e+000
1.500372e+003,1.393843e+000
1.502300e+003,1.401613e+000
1.504229e+003,1.366557e+000
1.506157e+003,1.251310e+000
1.508086e+003,1.261414e+000
1.510014e+003,1.344206e+000
1.511943e+003,1.366912e+000
1.513871e+003,1.375074e+000
1.515800e+003,1.345904e+000
1.517728e+003,1.329158e+000
1.519657e+003,1.327413e+000
1.521585e+003,1.294976e+000
1.523514e+003,1.335352e+000
1.525442e+003,1.352958e+000
1.527371e+003,1.374522e+000
1.529299e+003,1.410781e+000
1.531228e+003,1.425969e+000
1.533156e+003,1.406743e+000
1.535085e+003,1.451038e+000
1.537013e+003,1.465991e+000
1.538942e+003,1.371284e+000
1.540870e+003,1.323504e+000
1.542799e+003,1.402816e+000
1.544727e+003,1.460662e+000
1.546656e+003,1.529267e+000
1.548584e+003,1.544770e+000
1.550513e+003,1.538014e+000
1.552441e+003,1.547041e+000
1.554370e+003,1.525643e+000
1.556298e+003,1.490851e+000
1.558227e+003,1.346689e+000
1.560155e+003,1.399696e+000
1.562084e+003,1.539605e+000
1.564012e+003,1.574908e+000
1.565941e+003,1.590001e+000
1.567869e+003,1.584423e+000
1.569798e+003,1.563723e+000
1.571726e+003,1.598031e+000
1.573655e+003,1.598680e+000
1.575583e+003,1.544495e+000
1.577512e+003,1.563149e+000
1.579440e+003,1.630342e+000
1.581369e+003,1.639140e+000
1.583297e+003,1.644852e+000
1.585226e+003,1.647900e+000
1.587154e+003,1.663317e+000
1.589083e+003,1.672345e+000
1.591011e+003,1.672148e+000
1.592940e+003,1.670343e+000
1.594868e+003,1.674849e+000
1.596797e+003,1.680115e+000
1.598725e+003,1.694247e+000
1.600654e+003,1.697279e+000
1.602582e+003,1.710644e+000
1.604511e+003,1.724819e+000
1.606439e+003,1.731783e+000
1.608368e+003,1.717900e+000
1.610296e+003,1.725127e+000
1.612225e+003,1.741251e+000
1.614153e+003,1.727729e+000
1.616082e+003,1.663048e+000
1.618010e+003,1.703512e+000
1.619939e+003,1.771836e+000
1.621867e+003,1.750797e+000
1.623796e+003,1.734491e+000
1.625724e+003,1.785202e+000
1.627653e+003,1.771469e+000
1.629581e+003,1.792440e+000
1.631510e+003,1.811204e+000
1.633438e+003,1.750960e+000
1.635367e+003,1.624373e+000
1.637295e+003,1.702653e+000
1.639224e+003,1.795468e+000
1.641152e+003,1.822107e+000
1.643081e+003,1.801528e+000
1.645009e+003,1.729566e+000
1.646938e+003,1.646569e+000
1.648866e+003,1.729554e+000
1.650795e+003,1.737056e+000
1.652723e+003,1.565847e+000
1.654652e+003,1.647866e+000
1.656580e+003,1.789804e+000
1.658509e+003,1.824826e+000
1.660437e+003,1.829152e+000
1.662366e+003,1.781198e+000
1.664294e+003,1.800404e+000
1.666223e+003,1.812688e+000
1.668151e+003,1.751264e+000
1.670080e+003,1.701025e+000
1.672008e+003,1.756741e+000
1.673937e+003,1.744604e+000
1.675865e+003,1.723178e+000
1.677794e+003,1.748348e+000
1.679722e+003,1.722146e+000
1.681651e+003,1.633322e+000
1.683579e+003,1.502379e+000
1.685508e+003,1.509383e+000
1.687436e+003,1.544264e+000
1.689365e+003,1.496537e+000
1.691293e+003,1.465651e+000
1.693222e+003,1.435693e+000
1.695150e+003,1.371934e+000
1.697079e+003,1.302612e+000
1.699007e+003,1.277034e+000
1.700936e+003,1.244412e+000
1.702864e+003,1.280394e+000
1.704793e+003,1.281700e+000
1.706721e+003,1.293378e+000
1.708650e+003,1.305885e+000
1.710578e+003,1.311910e+000
1.712507e+003,1.304220e+000
1.714435e+003,1.278042e+000
1.716364e+003,1.238297e+000
1.718292e+003,1.213224e+000
1.720221e+003,1.209168e+000
1.722149e+003,1.190704e+000
1.724078e+003,1.154603e+000
1.726006e+003,1.121341e+000
1.727935e+003,1.082553e+000
1.729863e+003,1.041160e+000
1.731792e+003,1.002873e+000
1.733720e+003,9.561968e-001
1.735649e+003,9.298509e-001
1.737577e+003,9.251648e-001
1.739506e+003,9.005134e-001
1.741434e+003,8.854128e-001
1.743363e+003,8.689567e-001
1.745291e+003,8.553481e-001
1.747220e+003,8.389128e-001
1.749148e+003,8.222532e-001
1.751077e+003,8.059632e-001
1.753005e+003,8.006421e-001
1.754934e+003,7.897577e-001
1.756862e+003,7.754977e-001
1.758791e+003,7.620670e-001
1.760719e+003,7.494487e-001
1.762648e+003,7.344442e-001
1.764576e+003,7.292933e-001
1.766505e+003,7.177876e-001
1.768433e+003,7.063159e-001
1.770362e+003,6.956549e-001
1.772290e+003,6.855957e-001
1.774219e+003,6.769086e-001
1.776147e+003,6.735691e-001
1.778076e+003,6.686233e-001
1.780004e+003,6.644392e-001
1.781933e+003,6.589059e-001
1.783861e+003,6.564001e-001
1.785790e+003,6.533576e-001
1.787718e+003,6.534289e-001
1.789647e+003,6.489854e-001
1.791575e+003,6.451528e-001
1.793504e+003,6.446550e-001
1.795432e+003,6.514128e-001
1.797361e+003,6.541030e-001
1.799289e+003,6.592739e-001
1.801218e+003,6.643044e-001
1.803146e+003,6.742414e-001
1.805075e+003,6.820678e-001
1.807003e+003,6.939368e-001
1.808932e+003,7.045513e-001
1.810860e+003,7.216255e-001
1.812789e+003,7.419620e-001
1.814717e+003,7.648357e-001
1.816646e+003,7.873549e-001
1.818574e+003,8.148425e-001
1.820503e+003,8.431317e-001
1.822431e+003,8.729212e-001
1.824360e+003,9.027332e-001
1.826288e+003,9.463309e-001
1.828217e+003,9.797785e-001
1.830145e+003,1.029122e+000
1.832074e+003,1.082765e+000
1.834002e+003,1.129686e+000
1.835931e+003,1.178803e+000
1.837859e+003,1.231252e+000
1.839788e+003,1.288726e+000
1.841716e+003,1.337179e+000
1.843645e+003,1.371526e+000
1.845573e+003,1.425323e+000
1.847502e+003,1.476737e+000
1.849430e+003,1.516460e+000
1.851359e+003,1.539468e+000
1.853287e+003,1.561408e+000
1.855216e+003,1.586185e+000
1.857144e+003,1.599439e+000
1.859073e+003,1.596587e+000
1.861001e+003,1.596488e+000
1.862930e+003,1.603742e+000
1.864858e+003,1.610502e+000
1.866786e+003,1.612956e+000
1.868715e+003,1.613753e+000
1.870644e+003,1.637794e+000
1.872572e+003,1.656706e+000
1.874500e+003,1.668815e+000
1.876429e+003,1.681163e+000
1.878358e+003,1.701764e+000
1.880286e+003,1.731403e+000
1.882215e+003,1.742016e+000
1.884143e+003,1.742749e+000
1.886072e+003,1.762411e+000
1.888000e+003,1.770156e+000
1.889929e+003,1.768403e+000
1.891857e+003,1.775218e+000
1.893786e+003,1.768591e+000
1.895714e+003,1.757806e+000
1.897643e+003,1.764008e+000
1.899571e+003,1.758698e+000
1.901500e+003,1.739821e+000
1.903428e+003,1.730000e+000
1.905357e+003,1.727759e+000
1.907285e+003,1.718959e+000
1.909214e+003,1.709145e+000
1.911142e+003,1.697778e+000
1.913071e+003,1.683844e+000
1.914999e+003,1.682441e+000
1.916927e+003,1.671512e+000
1.918856e+003,1.653848e+000
1.920785e+003,1.653304e+000
1.922713e+003,1.651443e+000
1.924641e+003,1.662744e+000
1.926570e+003,1.679306e+000
1.928499e+003,1.689375e+000
1.930427e+003,1.689133e+000
1.932355e+003,1.682198e+000
1.934284e+003,1.676113e+000
1.936213e+003,1.679961e+000
1.938141e+003,1.679729e+000
1.940069e+003,1.671156e+000
1.941998e+003,1.658071e+000
1.943927e+003,1.666689e+000
1.945855e+003,1.681507e+000
1.947783e+003,1.689916e+000
1.949712e+003,1.703215e+000
1.951641e+003,1.725178e+000
1.953569e+003,1.753506e+000
1.955497e+003,1.777956e+000
1.957426e+003,1.792090e+000
1.959354e+003,1.826051e+000
1.961283e+003,1.847693e+000
1.963211e+003,1.860677e+000
1.965140e+003,1.867817e+000
1.967068e+003,1.876225e+000
1.968997e+003,1.908529e+000
1.970925e+003,1.916007e+000
1.972854e+003,1.905943e+000
1.974782e+003,1.920091e+000
1.976711e+003,1.912951e+000
1.978639e+003,1.912876e+000
1.980568e+003,1.921411e+000
1.982496e+003,1.915008e+000
1.984425e+003,1.897081e+000
1.986354e+003,1.914494e+000
1.988282e+003,1.944430e+000
1.990210e+003,1.914047e+000
1.992139e+003,1.885323e+000
1.994068e+003,1.886242e+000
1.995996e+003,1.878197e+000
1.997924e+003,1.874454e+000
1.999853e+003,1.867575e+000
2.001781e+003,1.863400e+000
2.003710e+003,1.877108e+000
2.005638e+003,1.861409e+000
2.007567e+003,1.842010e+000
2.009495e+003,1.852079e+000
2.011424e+003,1.848708e+000
2.013352e+003,1.844218e+000
2.015281e+003,1.837532e+000
2.017209e+003,1.828042e+000
2.019138e+003,1.821983e+000
2.021066e+003,1.822193e+000
2.022995e+003,1.810720e+000
2.024923e+003,1.800181e+000
2.026852e+003,1.806332e+000
2.028780e+003,1.808540e+000
2.030709e+003,1.823589e+000
2.032637e+003,1.819906e+000
2.034566e+003,1.803370e+000
2.036494e+003,1.793499e+000
2.038423e+003,1.799516e+000
2.040351e+003,1.802716e+000
2.042280e+003,1.796227e+000
2.044208e+003,1.788213e+000
2.046137e+003,1.779524e+000
2.048065e+003,1.765110e+000
2.049994e+003,1.755113e+000
2.051922e+003,1.741485e+000
2.053851e+003,1.711482e+000
2.055779e+003,1.672274e+000
2.057708e+003,1.624207e+000
2.059636e+003,1.562467e+000
2.061565e+003,1.495175e+000
2.063493e+003,1.427588e+000
2.065422e+003,1.356673e+000
2.067350e+003,1.289322e+000
2.069279e+003,1.224411e+000
2.071207e+003,1.162072e+000
2.073136e+003,1.104379e+000
2.075064e+003,1.054139e+000
2.076993e+003,1.008573e+000
2.078921e+003,9.678161e-001
2.080850e+003,9.363046e-001
2.082778e+003,9.106817e-001
2.084707e+003,8.874353e-001
2.086635e+003,8.679351e-001
2.088564e+003,8.518104e-001
2.090492e+003,8.383020e-001
2.092421e+003,8.275160e-001
2.094349e+003,8.169745e-001
2.096278e+003,8.064581e-001
2.098206e+003,7.959930e-001
2.100135e+003,7.853016e-001
2.102063e+003,7.733465e-001
2.103992e+003,7.628140e-001
2.105920e+003,7.532148e-001
2.107849e+003,7.433358e-001
2.109777e+003,7.330435e-001
2.111706e+003,7.224021e-001
2.113634e+003,7.098508e-001
2.115563e+003,6.959345e-001
2.117491e+003,6.778928e-001
2.119420e+003,6.571371e-001
2.121348e+003,6.342060e-001
2.123277e+003,6.081299e-001
2.125205e+003,5.776247e-001
2.127134e+003,5.451179e-001
2.129062e+003,5.123708e-001
2.130991e+003,4.799109e-001
2.132919e+003,4.489463e-001
2.134848e+003,4.202361e-001
2.136776e+003,3.939999e-001
2.138705e+003,3.726147e-001
2.140633e+003,3.539228e-001
2.142562e+003,3.382390e-001
2.144490e+003,3.254949e-001
2.146419e+003,3.126889e-001
2.148347e+003,2.989136e-001
2.150276e+003,2.835613e-001
2.152204e+003,2.648133e-001
2.154133e+003,2.439062e-001
2.156061e+003,2.221626e-001
2.157990e+003,2.011544e-001
2.159918e+003,1.807100e-001
2.161847e+003,1.616342e-001
2.163775e+003,1.443239e-001
2.165704e+003,1.293664e-001
2.167632e+003,1.158878e-001
2.169561e+003,1.038197e-001
2.171489e+003,9.233027e-002
2.173418e+003,8.171885e-002
2.175346e+003,7.126858e-002
2.177275e+003,6.141045e-002
2.179203e+003,5.129268e-002
2.181132e+003,4.155590e-002
2.183060e+003,3.141086e-002
2.184989e+003,2.137911e-002
2.186917e+003,1.147682e-002
2.188846e+003,2.659712e-003
2.190774e+003,-5.724742e-003
2.192703e+003,-1.334279e-002
2.194631e+003,-2.010358e-002
2.196560e+003,-2.622651e-002
2.198488e+003,-3.184290e-002
2.200417e+003,-3.712043e-002
2.202345e+003,-4.219869e-002
2.204274e+003,-4.654843e-002
2.206202e+003,-5.085551e-002
2.208131e+003,-5.484526e-002
2.210059e+003,-5.878378e-002
2.211988e+003,-6.244524e-002
2.213916e+003,-6.568863e-002
2.215845e+003,-6.858037e-002
2.217773e+003,-7.194965e-002
2.219702e+003,-7.439979e-002
2.221630e+003,-7.686181e-002
2.223559e+003,-7.932422e-002
2.225487e+003,-8.150624e-002
2.227416e+003,-8.317812e-002
2.229344e+003,-8.496869e-002
2.231273e+003,-8.688696e-002
2.233201e+003,-8.883202e-002
2.235130e+003,-9.050773e-002
2.237058e+003,-9.262464e-002
2.238987e+003,-9.448452e-002
2.240915e+003,-9.621112e-002
2.242844e+003,-9.751028e-002
2.244772e+003,-9.905680e-002
2.246701e+003,-1.006949e-001
2.248629e+003,-1.020953e-001
2.250558e+003,-1.030543e-001
2.252486e+003,-1.045375e-001
2.254415e+003,-1.058475e-001
2.256343e+003,-1.073982e-001
2.258272e+003,-1.085321e-001
2.260200e+003,-1.097190e-001
2.262129e+003,-1.108531e-001
2.264057e+003,-1.119937e-001
2.265986e+003,-1.132235e-001
2.267914e+003,-1.146168e-001
2.269843e+003,-1.154651e-001
2.271771e+003,-1.167210e-001
2.273700e+003,-1.179155e-001
2.275628e+003,-1.190731e-001
2.277557e+003,-1.200991e-001
2.279485e+003,-1.213643e-001
2.281414e+003,-1.225175e-001
2.283342e+003,-1.237742e-001
2.285271e+003,-1.251775e-001
2.287199e+003,-1.266822e-001
2.289128e+003,-1.277597e-001
2.291056e+003,-1.293162e-001
2.292985e+003,-1.306365e-001
2.294913e+003,-1.322227e-001
2.296842e+003,-1.337067e-001
2.298770e+003,-1.351758e-001
2.300699e+003,-1.365156e-001
2.302627e+003,-1.382212e-001
2.304556e+003,-1.392868e-001
2.306484e+003,-1.404292e-001
2.308413e+003,-1.417640e-001
2.310341e+003,-1.431033e-001
2.312270e+003,-1.438581e-001
2.314198e+003,-1.450128e-001
2.316127e+003,-1.461098e-001
2.318055e+003,-1.475013e-001
2.319984e+003,-1.485286e-001
2.321912e+003,-1.504144e-001
2.323841e+003,-1.518143e-001
2.325769e+003,-1.529533e-001
2.327698e+003,-1.542471e-001
2.329626e+003,-1.556721e-001
2.331555e+003,-1.567845e-001
2.333483e+003,-1.572856e-001
2.335412e+003,-1.580586e-001
2.337340e+003,-1.593631e-001
2.339269e+003,-1.600873e-001
2.341197e+003,-1.611234e-001
2.343126e+003,-1.614987e-001
2.345054e+003,-1.624900e-001
2.346983e+003,-1.628584e-001
2.348911e+003,-1.632667e-001
2.350840e+003,-1.643691e-001
2.352768e+003,-1.659683e-001
2.354697e+003,-1.683422e-001
2.356625e+003,-1.705991e-001
2.358554e+003,-1.707367e-001
2.360482e+003,-1.711971e-001
2.362411e+003,-1.722509e-001
2.364339e+003,-1.734571e-001
2.366268e+003,-1.738488e-001
2.368196e+003,-1.751063e-001
2.370125e+003,-1.754730e-001
2.372053e+003,-1.757438e-001
2.373982e+003,-1.763547e-001
2.375910e+003,-1.766744e-001
2.377839e+003,-1.764335e-001
2.379767e+003,-1.768613e-001
2.381696e+003,-1.772095e-001
2.383624e+003,-1.779080e-001
2.385553e+003,-1.786062e-001
2.387481e+003,-1.786710e-001
2.389410e+003,-1.784621e-001
2.391338e+003,-1.791488e-001
2.393267e+003,-1.795320e-001
2.395195e+003,-1.796985e-001
2.397124e+003,-1.799301e-001
2.399052e+003,-1.802661e-001
2.400981e+003,-1.804163e-001
2.402909e+003,-1.808488e-001
2.404838e+003,-1.810762e-001
2.406766e+003,-1.812815e-001
2.408695e+003,-1.818039e-001
2.410623e+003,-1.823227e-001
2.412552e+003,-1.823258e-001
2.414480e+003,-1.825297e-001
2.416409e+003,-1.830695e-001
2.418337e+003,-1.836262e-001
2.420266e+003,-1.834350e-001
2.422194e+003,-1.832677e-001
2.424123e+003,-1.834150e-001
2.426051e+003,-1.838344e-001
2.427980e+003,-1.839554e-001
2.429908e+003,-1.842834e-001
2.431837e+003,-1.845317e-001
2.433765e+003,-1.846154e-001
2.435694e+003,-1.849089e-001
2.437622e+003,-1.855253e-001
2.439551e+003,-1.857010e-001
2.441479e+003,-1.859531e-001
2.443408e+003,-1.862108e-001
2.445336e+003,-1.864292e-001
2.447265e+003,-1.863635e-001
2.449193e+003,-1.865507e-001
2.451122e+003,-1.865036e-001
2.453050e+003,-1.865787e-001
2.454979e+003,-1.868205e-001
2.456907e+003,-1.871343e-001
2.458836e+003,-1.872700e-001
2.460764e+003,-1.875850e-001
2.462693e+003,-1.877365e-001
2.464621e+003,-1.878020e-001
2.466550e+003,-1.877090e-001
2.468478e+003,-1.876697e-001
2.470406e+003,-1.876850e-001
2.472335e+003,-1.879103e-001
2.474264e+003,-1.877686e-001
2.476192e+003,-1.879120e-001
2.478121e+003,-1.879377e-001
2.480049e+003,-1.879505e-001
2.481978e+003,-1.879814e-001
2.483906e+003,-1.878294e-001
2.485834e+003,-1.877105e-001
2.487763e+003,-1.878285e-001
2.489692e+003,-1.877626e-001
2.491620e+003,-1.880938e-001
2.493549e+003,-1.884249e-001
2.495477e+003,-1.882246e-001
2.497406e+003,-1.877819e-001
2.499334e+003,-1.880465e-001
2.501262e+003,-1.884968e-001
2.503191e+003,-1.888142e-001
2.505120e+003,-1.886141e-001
2.507048e+003,-1.885381e-001
2.508977e+003,-1.887375e-001
2.510905e+003,-1.890529e-001
2.512833e+003,-1.889890e-001
2.514762e+003,-1.891170e-001
2.516690e+003,-1.893308e-001
2.518619e+003,-1.898214e-001
2.520548e+003,-1.905469e-001
2.522476e+003,-1.910488e-001
2.524405e+003,-1.910292e-001
2.526333e+003,-1.911127e-001
2.528261e+003,-1.913327e-001
2.530190e+003,-1.917478e-001
2.532119e+003,-1.920736e-001
2.534047e+003,-1.922185e-001
2.535976e+003,-1.922383e-001
2.537904e+003,-1.923979e-001
2.539833e+003,-1.926157e-001
2.541761e+003,-1.928665e-001
2.543689e+003,-1.928118e-001
2.545618e+003,-1.930877e-001
2.547547e+003,-1.934160e-001
2.549475e+003,-1.936160e-001
2.551404e+003,-1.937005e-001
2.553332e+003,-1.937291e-001
2.555260e+003,-1.938775e-001
2.557189e+003,-1.941830e-001
2.559117e+003,-1.944050e-001
2.561046e+003,-1.944151e-001
2.562975e+003,-1.946258e-001
2.564903e+003,-1.947992e-001
2.566832e+003,-1.946562e-001
2.568760e+003,-1.948726e-001
2.570688e+003,-1.948255e-001
2.572617e+003,-1.948345e-001
2.574545e+003,-1.946575e-001
2.576474e+003,-1.945473e-001
2.578403e+003,-1.946737e-001
2.580331e+003,-1.946876e-001
2.582260e+003,-1.949945e-001
2.584188e+003,-1.953707e-001
2.586116e+003,-1.952411e-001
2.588045e+003,-1.951983e-001
2.589973e+003,-1.950455e-001
2.591902e+003,-1.950618e-001
2.593831e+003,-1.951393e-001
2.595759e+003,-1.953053e-001
2.597688e+003,-1.955999e-001
2.599616e+003,-1.958340e-001
2.601544e+003,-1.955684e-001
2.603473e+003,-1.954053e-001
2.605401e+003,-1.955013e-001
2.607330e+003,-1.955689e-001
2.609259e+003,-1.953171e-001
2.611187e+003,-1.953187e-001
2.613115e+003,-1.953310e-001
2.615044e+003,-1.952462e-001
2.616972e+003,-1.953246e-001
2.618901e+003,-1.955196e-001
2.620829e+003,-1.955548e-001
2.622758e+003,-1.955119e-001
2.624687e+003,-1.955112e-001
2.626615e+003,-1.956913e-001
2.628543e+003,-1.957126e-001
2.630472e+003,-1.957881e-001
2.632400e+003,-1.958789e-001
2.634329e+003,-1.957954e-001
2.636258e+003,-1.955665e-001
2.638186e+003,-1.957285e-001
2.640115e+003,-1.958927e-001
2.642043e+003,-1.960994e-001
2.643971e+003,-1.963333e-001
2.645900e+003,-1.963352e-001
2.647828e+003,-1.961972e-001
2.649757e+003,-1.961910e-001
2.651686e+003,-1.962409e-001
2.653614e+003,-1.964778e-001
2.655542e+003,-1.966426e-001
2.657471e+003,-1.966376e-001
2.659399e+003,-1.966749e-001
2.661328e+003,-1.971353e-001
2.663256e+003,-1.972736e-001
2.665185e+003,-1.975146e-001
2.667114e+003,-1.974693e-001
2.669042e+003,-1.973947e-001
2.670970e+003,-1.976497e-001
2.672899e+003,-1.977946e-001
2.674827e+003,-1.976893e-001
2.676756e+003,-1.976905e-001
2.678684e+003,-1.979380e-001
2.680613e+003,-1.983525e-001
2.682542e+003,-1.981784e-001
2.684470e+003,-1.980092e-001
2.686398e+003,-1.980069e-001
2.688327e+003,-1.980195e-001
2.690255e+003,-1.980147e-001
2.692184e+003,-1.980102e-001
2.694112e+003,-1.981519e-001
2.696041e+003,-1.982571e-001
2.697969e+003,-1.984929e-001
2.699898e+003,-1.986509e-001
2.701826e+003,-1.985429e-001
2.703755e+003,-1.983181e-001
2.705683e+003,-1.983359e-001
2.707612e+003,-1.980003e-001
2.709540e+003,-1.977293e-001
2.711469e+003,-1.978461e-001
2.713397e+003,-1.978267e-001
2.715326e+003,-1.975107e-001
2.717254e+003,-1.971117e-001
2.719183e+003,-1.971302e-001
2.721111e+003,-1.974468e-001
2.723040e+003,-1.973978e-001
2.724969e+003,-1.972652e-001
2.726897e+003,-1.971776e-001
2.728825e+003,-1.967904e-001
2.730754e+003,-1.964136e-001
2.732682e+003,-1.960758e-001
2.734611e+003,-1.959881e-001
2.736539e+003,-1.956738e-001
2.738468e+003,-1.957775e-001
2.740396e+003,-1.958846e-001
2.742325e+003,-1.954901e-001
2.744253e+003,-1.952125e-001
2.746182e+003,-1.951658e-001
2.748110e+003,-1.950741e-001
2.750039e+003,-1.947910e-001
2.751967e+003,-1.943665e-001
2.753896e+003,-1.942576e-001
2.755824e+003,-1.942681e-001
2.757753e+003,-1.944740e-001
2.759681e+003,-1.946620e-001
2.761610e+003,-1.943948e-001
2.763538e+003,-1.940690e-001
2.765467e+003,-1.940097e-001
2.767395e+003,-1.940980e-001
2.769324e+003,-1.938626e-001
2.771252e+003,-1.936610e-001
2.773181e+003,-1.935720e-001
2.775109e+003,-1.933640e-001
2.777038e+003,-1.938299e-001
2.778966e+003,-1.939930e-001
2.780895e+003,-1.934278e-001
2.782823e+003,-1.933169e-001
2.784752e+003,-1.936483e-001
2.786680e+003,-1.935401e-001
2.788609e+003,-1.934455e-001
2.790537e+003,-1.932554e-001
2.792466e+003,-1.933082e-001
2.794394e+003,-1.933946e-001
2.796323e+003,-1.934728e-001
2.798251e+003,-1.934375e-001
2.800180e+003,-1.935042e-001
2.802108e+003,-1.937603e-001
2.804037e+003,-1.933884e-001
2.805965e+003,-1.929108e-001
2.807894e+003,-1.930419e-001
2.809822e+003,-1.933836e-001
2.811751e+003,-1.936983e-001
2.813679e+003,-1.933033e-001
2.815608e+003,-1.930685e-001
2.817536e+003,-1.932926e-001
2.819465e+003,-1.934262e-001
2.821393e+003,-1.932833e-001
2.823322e+003,-1.932240e-001
2.825250e+003,-1.931522e-001
2.827179e+003,-1.930167e-001
2.829107e+003,-1.930339e-001
2.831036e+003,-1.930194e-001
2.832964e+003,-1.928292e-001
2.834893e+003,-1.925194e-001
2.836821e+003,-1.926701e-001
2.838750e+003,-1.924626e-001
2.840678e+003,-1.920567e-001
2.842607e+003,-1.918893e-001
2.844535e+003,-1.916137e-001
2.846464e+003,-1.914786e-001
2.848392e+003,-1.912999e-001
2.850321e+003,-1.912177e-001
2.852249e+003,-1.912889e-001
2.854178e+003,-1.914615e-001
2.856106e+003,-1.916416e-001
2.858035e+003,-1.915141e-001
2.859963e+003,-1.912988e-001
2.861892e+003,-1.909128e-001
2.863820e+003,-1.902346e-001
2.865749e+003,-1.899762e-001
2.867677e+003,-1.900317e-001
2.869606e+003,-1.899022e-001
2.871534e+003,-1.895694e-001
2.873463e+003,-1.894868e-001
2.875391e+003,-1.891651e-001
2.877320e+003,-1.884970e-001
2.879248e+003,-1.884690e-001
2.881177e+003,-1.884034e-001
2.883105e+003,-1.882685e-001
2.885034e+003,-1.884247e-001
2.886962e+003,-1.882118e-001
2.888891e+003,-1.880390e-001
2.890819e+003,-1.880117e-001
2.892748e+003,-1.879681e-001
2.894676e+003,-1.880893e-001
2.896605e+003,-1.879948e-001
2.898533e+003,-1.877292e-001
2.900462e+003,-1.877685e-001
2.902390e+003,-1.877552e-001
2.904319e+003,-1.875658e-001
2.906247e+003,-1.875551e-001
2.908176e+003,-1.879647e-001
2.910104e+003,-1.881175e-001
2.912033e+003,-1.877201e-001
2.913961e+003,-1.873749e-001
2.915890e+003,-1.877541e-001
2.917818e+003,-1.879700e-001
2.919747e+003,-1.878818e-001
2.921675e+003,-1.880808e-001
2.923604e+003,-1.879119e-001
2.925532e+003,-1.876887e-001
2.927461e+003,-1.877271e-001
2.929389e+003,-1.878809e-001
2.931318e+003,-1.880574e-001
2.933246e+003,-1.881930e-001
2.935175e+003,-1.882206e-001
2.937103e+003,-1.882084e-001
2.939032e+003,-1.882722e-001
2.940960e+003,-1.884809e-001
2.942889e+003,-1.884934e-001
2.944817e+003,-1.884570e-001
2.946746e+003,-1.887015e-001
2.948674e+003,-1.888339e-001
2.950603e+003,-1.889059e-001
2.952531e+003,-1.893215e-001
2.954460e+003,-1.892156e-001
2.956388e+003,-1.889191e-001
2.958317e+003,-1.889436e-001
2.960245e+003,-1.890054e-001
2.962174e+003,-1.890831e-001
2.964102e+003,-1.892202e-001
2.966031e+003,-1.893017e-001
2.967959e+003,-1.897254e-001
2.969888e+003,-1.903193e-001
2.971816e+003,-1.905248e-001
2.973745e+003,-1.906349e-001
2.975673e+003,-1.911306e-001
2.977602e+003,-1.912679e-001
2.979530e+003,-1.912522e-001
2.981459e+003,-1.919726e-001
2.983387e+003,-1.922680e-001
2.985316e+003,-1.921731e-001
2.987244e+003,-1.925877e-001
2.989173e+003,-1.929883e-001
2.991101e+003,-1.933146e-001
2.993030e+003,-1.935063e-001
2.994958e+003,-1.937553e-001
2.996887e+003,-1.941704e-001
2.998815e+003,-1.947234e-001
3.000744e+003,-1.948812e-001
3.002672e+003,-1.950934e-001
3.004601e+003,-1.950723e-001
3.006529e+003,-1.951057e-001
3.008458e+003,-1.951629e-001
3.010386e+003,-1.955267e-001
3.012315e+003,-1.963008e-001
3.014243e+003,-1.964901e-001
3.016172e+003,-1.963897e-001
3.018100e+003,-1.966761e-001
3.020029e+003,-1.969429e-001
3.021957e+003,-1.975494e-001
3.023886e+003,-1.978350e-001
3.025814e+003,-1.977824e-001
3.027743e+003,-1.979339e-001
3.029671e+003,-1.981069e-001
3.031600e+003,-1.985046e-001
3.033528e+003,-1.987576e-001
3.035457e+003,-1.989475e-001
3.037385e+003,-1.991986e-001
3.039314e+003,-1.992382e-001
3.041242e+003,-1.993851e-001
3.043171e+003,-1.999330e-001
3.045099e+003,-2.001995e-001
3.047028e+003,-2.000121e-001
3.048956e+003,-1.999233e-001
3.050885e+003,-1.998500e-001
3.052813e+003,-1.999843e-001
3.054742e+003,-1.999863e-001
3.056670e+003,-2.002978e-001
3.058599e+003,-2.006467e-001
3.060527e+003,-2.010040e-001
3.062456e+003,-2.012660e-001
3.064384e+003,-2.009519e-001
3.066313e+003,-2.004528e-001
3.068241e+003,-2.005644e-001
3.070170e+003,-2.008840e-001
3.072098e+003,-2.014399e-001
3.074027e+003,-2.017839e-001
3.075955e+003,-2.017959e-001
3.077884e+003,-2.019537e-001
3.079812e+003,-2.025263e-001
3.081741e+003,-2.023978e-001
3.083669e+003,-2.019046e-001
3.085598e+003,-2.018195e-001
3.087526e+003,-2.019658e-001
3.089455e+003,-2.022780e-001
3.091383e+003,-2.024486e-001
3.093312e+003,-2.024054e-001
3.095240e+003,-2.029000e-001
3.097169e+003,-2.024355e-001
3.099097e+003,-2.020314e-001
3.101026e+003,-2.024321e-001
3.102954e+003,-2.024925e-001
3.104883e+003,-2.026814e-001
3.106811e+003,-2.026395e-001
3.108740e+003,-2.022533e-001
3.110668e+003,-2.022818e-001
3.112597e+003,-2.025875e-001
3.114525e+003,-2.027095e-001
3.116454e+003,-2.026185e-001
3.118382e+003,-2.026370e-001
3.120311e+003,-2.023483e-001
3.122239e+003,-2.020457e-001
3.124167e+003,-2.024359e-001
3.126096e+003,-2.027675e-001
3.128025e+003,-2.024490e-001
3.129953e+003,-2.022638e-001
3.131882e+003,-2.025367e-001
3.133810e+003,-2.029459e-001
3.135739e+003,-2.027430e-001
3.137667e+003,-2.027609e-001
3.139595e+003,-2.028939e-001
3.141524e+003,-2.026944e-001
3.143453e+003,-2.029256e-001
3.145381e+003,-2.032360e-001
3.147310e+003,-2.030095e-001
3.149238e+003,-2.028427e-001
3.151167e+003,-2.028850e-001
3.153095e+003,-2.033072e-001
3.155023e+003,-2.036368e-001
3.156952e+003,-2.038347e-001
3.158881e+003,-2.038400e-001
3.160809e+003,-2.037647e-001
3.162738e+003,-2.036438e-001
3.164666e+003,-2.039541e-001
3.166594e+003,-2.037098e-001
3.168523e+003,-2.035850e-001
3.170452e+003,-2.040295e-001
3.172380e+003,-2.037860e-001
3.174309e+003,-2.036668e-001
3.176237e+003,-2.041434e-001
3.178166e+003,-2.040202e-001
3.180094e+003,-2.037435e-001
3.182022e+003,-2.032786e-001
3.183951e+003,-2.036984e-001
3.185880e+003,-2.039385e-001
3.187808e+003,-2.039008e-001
3.189737e+003,-2.038195e-001
3.191665e+003,-2.037386e-001
3.193594e+003,-2.037573e-001
3.195522e+003,-2.040960e-001
3.197450e+003,-2.038962e-001
3.199379e+003,-2.034359e-001
3.201308e+003,-2.034936e-001
3.203236e+003,-2.041367e-001
3.205165e+003,-2.041392e-001
3.207093e+003,-2.036992e-001
3.209021e+003,-2.043063e-001
3.210950e+003,-2.051801e-001
3.212878e+003,-2.047923e-001
3.214807e+003,-2.042532e-001
3.216736e+003,-2.038276e-001
3.218664e+003,-2.034957e-001
3.220593e+003,-2.036197e-001
3.222521e+003,-2.035950e-001
3.224449e+003,-2.034047e-001
3.226378e+003,-2.035969e-001
3.228306e+003,-2.035266e-001
3.230235e+003,-2.036858e-001
3.232164e+003,-2.039042e-001
3.234092e+003,-2.042290e-001
3.236021e+003,-2.037746e-001
3.237949e+003,-2.039413e-001
3.239877e+003,-2.041653e-001
3.241806e+003,-2.036384e-001
3.243734e+003,-2.037298e-001
3.245663e+003,-2.036078e-001
3.247592e+003,-2.028478e-001
3.249520e+003,-2.029890e-001
3.251448e+003,-2.035483e-001
3.253377e+003,-2.033853e-001
3.255305e+003,-2.032367e-001
3.257234e+003,-2.034409e-001
3.259162e+003,-2.033796e-001
3.261091e+003,-2.031540e-001
3.263020e+003,-2.031326e-001
3.264948e+003,-2.032034e-001
3.266876e+003,-2.030528e-001
3.268805e+003,-2.032891e-001
3.270733e+003,-2.032344e-001
3.272662e+003,-2.031744e-001
3.274591e+003,-2.032245e-001
3.276519e+003,-2.030299e-001
3.278448e+003,-2.028888e-001
3.280376e+003,-2.029953e-001
3.282304e+003,-2.029247e-001
3.284233e+003,-2.029676e-001
3.286161e+003,-2.022141e-001
3.288090e+003,-2.022363e-001
3.290019e+003,-2.025569e-001
3.291947e+003,-2.022963e-001
3.293875e+003,-2.021678e-001
3.295804e+003,-2.018886e-001
3.297732e+003,-2.016419e-001
3.299661e+003,-2.020632e-001
3.301589e+003,-2.022888e-001
3.303518e+003,-2.021343e-001
3.305447e+003,-2.017592e-001
3.307375e+003,-2.021260e-001
3.309303e+003,-2.021804e-001
3.311232e+003,-2.015721e-001
3.313160e+003,-2.012187e-001
3.315089e+003,-2.014247e-001
3.317017e+003,-2.017480e-001
3.318946e+003,-2.019416e-001
3.320875e+003,-2.016062e-001
3.322803e+003,-2.013616e-001
3.324731e+003,-2.011309e-001
3.326660e+003,-2.009638e-001
3.328588e+003,-2.010230e-001
3.330517e+003,-2.009115e-001
3.332445e+003,-2.009753e-001
3.334374e+003,-2.009319e-001
3.336302e+003,-2.001240e-001
3.338231e+003,-2.000007e-001
3.340159e+003,-2.000853e-001
3.342088e+003,-1.998952e-001
3.344016e+003,-1.994357e-001
3.345945e+003,-1.997724e-001
3.347873e+003,-1.999877e-001
3.349802e+003,-1.992913e-001
3.351730e+003,-1.987151e-001
3.353659e+003,-1.986319e-001
3.355587e+003,-1.983816e-001
3.357516e+003,-1.984409e-001
3.359444e+003,-1.985161e-001
3.361373e+003,-1.977944e-001
3.363302e+003,-1.976526e-001
3.365230e+003,-1.977098e-001
3.367158e+003,-1.974603e-001
3.369087e+003,-1.971231e-001
3.371015e+003,-1.967747e-001
3.372944e+003,-1.966183e-001
3.374872e+003,-1.961911e-001
3.376801e+003,-1.964632e-001
3.378729e+003,-1.964194e-001
3.380658e+003,-1.955199e-001
3.382586e+003,-1.949846e-001
3.384515e+003,-1.944239e-001
3.386443e+003,-1.942586e-001
3.388372e+003,-1.941716e-001
3.390300e+003,-1.937927e-001
3.392229e+003,-1.928614e-001
3.394157e+003,-1.916015e-001
3.396086e+003,-1.912230e-001
3.398014e+003,-1.910378e-001
3.399943e+003,-1.902061e-001
3.401871e+003,-1.893168e-001
3.403800e+003,-1.891247e-001
3.405728e+003,-1.878334e-001
3.407657e+003,-1.865235e-001
3.409585e+003,-1.860572e-001
3.411514e+003,-1.852589e-001
3.413442e+003,-1.845347e-001
3.415371e+003,-1.844250e-001
3.417299e+003,-1.836397e-001
3.419228e+003,-1.828365e-001
3.421156e+003,-1.823546e-001
3.423085e+003,-1.817600e-001
3.425013e+003,-1.808947e-001
3.426942e+003,-1.803566e-001
3.428870e+003,-1.800661e-001
3.430799e+003,-1.792869e-001
3.432727e+003,-1.784083e-001
3.434656e+003,-1.784238e-001
3.436584e+003,-1.781175e-001
3.438513e+003,-1.778174e-001
3.440441e+003,-1.775688e-001
3.442370e+003,-1.778477e-001
3.444298e+003,-1.783032e-001
3.446227e+003,-1.786018e-001
3.448155e+003,-1.787317e-001
3.450084e+003,-1.786574e-001
3.452012e+003,-1.793063e-001
3.453941e+003,-1.809622e-001
3.455869e+003,-1.818977e-001
3.457798e+003,-1.823370e-001
3.459726e+003,-1.828810e-001
3.461655e+003,-1.833428e-001
3.463583e+003,-1.846473e-001
3.465512e+003,-1.858759e-001
3.467440e+003,-1.859307e-001
3.469369e+003,-1.860789e-001
3.471297e+003,-1.869560e-001
3.473226e+003,-1.880600e-001
3.475154e+003,-1.881713e-001
3.477083e+003,-1.884104e-001
3.479011e+003,-1.888399e-001
3.480940e+003,-1.893324e-001
3.482868e+003,-1.899610e-001
3.484797e+003,-1.908582e-001
3.486725e+003,-1.913686e-001
3.488654e+003,-1.923562e-001
3.490582e+003,-1.929029e-001
3.492511e+003,-1.927484e-001
3.494439e+003,-1.924798e-001
3.496368e+003,-1.928451e-001
3.498296e+003,-1.931178e-001
3.500225e+003,-1.936873e-001
3.502153e+003,-1.942536e-001
3.504082e+003,-1.944616e-001
3.506010e+003,-1.939735e-001
3.507939e+003,-1.940055e-001
3.509867e+003,-1.943693e-001
3.511796e+003,-1.946383e-001
3.513724e+003,-1.944019e-001
3.515653e+003,-1.943121e-001
3.517581e+003,-1.943057e-001
3.519510e+003,-1.945927e-001
3.521438e+003,-1.945279e-001
3.523367e+003,-1.948376e-001
3.525295e+003,-1.948864e-001
3.527224e+003,-1.943225e-001
3.529152e+003,-1.943202e-001
3.531081e+003,-1.946161e-001
3.533009e+003,-1.943354e-001
3.534938e+003,-1.942088e-001
3.536866e+003,-1.944695e-001
3.538795e+003,-1.946352e-001
3.540723e+003,-1.946309e-001
3.542652e+003,-1.947064e-001
3.544580e+003,-1.943513e-001
3.546509e+003,-1.944645e-001
3.548437e+003,-1.946622e-001
3.550366e+003,-1.947477e-001
3.552294e+003,-1.949579e-001
3.554223e+003,-1.951990e-001
3.556151e+003,-1.950856e-001
3.558080e+003,-1.954095e-001
3.560008e+003,-1.959037e-001
3.561937e+003,-1.963263e-001
3.563865e+003,-1.965657e-001
3.565794e+003,-1.967096e-001
3.567722e+003,-1.970438e-001
3.569651e+003,-1.971734e-001
3.571579e+003,-1.970976e-001
3.573508e+003,-1.975897e-001
3.575436e+003,-1.973438e-001
3.577365e+003,-1.972953e-001
3.579293e+003,-1.976496e-001
3.581222e+003,-1.976534e-001
3.583150e+003,-1.974664e-001
3.585079e+003,-1.972107e-001
3.587007e+003,-1.967757e-001
3.588936e+003,-1.963685e-001
3.590864e+003,-1.957421e-001
3.592793e+003,-1.955879e-001
3.594721e+003,-1.953031e-001
3.596650e+003,-1.952073e-001
3.598578e+003,-1.947123e-001
3.600507e+003,-1.944500e-001
3.602435e+003,-1.936946e-001
3.604364e+003,-1.924309e-001
3.606292e+003,-1.919158e-001
3.608221e+003,-1.919637e-001
3.610149e+003,-1.912847e-001
3.612078e+003,-1.901417e-001
3.614006e+003,-1.891838e-001
3.615935e+003,-1.886234e-001
3.617863e+003,-1.874752e-001
3.619792e+003,-1.869820e-001
3.621720e+003,-1.854299e-001
3.623649e+003,-1.839939e-001
3.625577e+003,-1.822902e-001
3.627506e+003,-1.808108e-001
3.629434e+003,-1.788564e-001
3.631363e+003,-1.777379e-001
3.633291e+003,-1.756787e-001
3.635220e+003,-1.722172e-001
3.637148e+003,-1.690648e-001
3.639077e+003,-1.663923e-001
3.641005e+003,-1.635852e-001
3.642934e+003,-1.605950e-001
3.644862e+003,-1.590916e-001
3.646791e+003,-1.595757e-001
3.648719e+003,-1.596433e-001
3.650648e+003,-1.642881e-001
3.652576e+003,-1.703582e-001
3.654505e+003,-1.746601e-001
3.656433e+003,-1.811097e-001
3.658362e+003,-1.869639e-001
3.660290e+003,-1.910763e-001
3.662219e+003,-1.958370e-001
3.664147e+003,-1.989426e-001
3.666076e+003,-2.008270e-001
3.668004e+003,-2.019058e-001
3.669933e+003,-2.037068e-001
3.671861e+003,-2.054377e-001
3.673790e+003,-2.064336e-001
3.675718e+003,-2.079163e-001
3.677647e+003,-2.063272e-001
3.679575e+003,-2.058495e-001
3.681504e+003,-2.068481e-001
3.683432e+003,-2.073796e-001
3.685361e+003,-2.073858e-001
3.687289e+003,-2.079721e-001
3.689218e+003,-2.097802e-001
3.691146e+003,-2.099799e-001
3.693075e+003,-2.093241e-001
3.695003e+003,-2.089386e-001
3.696932e+003,-2.090189e-001
3.698860e+003,-2.088708e-001
3.700789e+003,-2.091828e-001
3.702717e+003,-2.101255e-001
3.704646e+003,-2.103535e-001
3.706574e+003,-2.100213e-001
3.708503e+003,-2.099580e-001
3.710431e+003,-2.100193e-001
3.712360e+003,-2.105811e-001
3.714288e+003,-2.099038e-001
3.716217e+003,-2.090520e-001
3.718145e+003,-2.092576e-001
3.720074e+003,-2.097028e-001
3.722002e+003,-2.098364e-001
3.723931e+003,-2.097744e-001
3.725859e+003,-2.095699e-001
3.727788e+003,-2.091260e-001
3.729716e+003,-2.089372e-001
3.731645e+003,-2.101475e-001
3.733573e+003,-2.110657e-001
3.735502e+003,-2.107357e-001
3.737430e+003,-2.097310e-001
3.739359e+003,-2.098692e-001
3.741287e+003,-2.093246e-001
3.743216e+003,-2.089082e-001
3.745144e+003,-2.108658e-001
3.747073e+003,-2.120515e-001
3.749001e+003,-2.121035e-001
3.750930e+003,-2.119698e-001
3.752858e+003,-2.111345e-001
3.754787e+003,-2.100956e-001
3.756715e+003,-2.097400e-001
3.758644e+003,-2.095619e-001
3.760572e+003,-2.093852e-001
3.762500e+003,-2.092622e-001
3.764429e+003,-2.097542e-001
3.766358e+003,-2.099350e-001
3.768286e+003,-2.093043e-001
3.770215e+003,-2.096223e-001
3.772143e+003,-2.097768e-001
3.774072e+003,-2.090184e-001
3.776000e+003,-2.083175e-001
3.777928e+003,-2.082669e-001
3.779857e+003,-2.082014e-001
3.781786e+003,-2.078497e-001
3.783714e+003,-2.076695e-001
3.785643e+003,-2.079704e-001
3.787571e+003,-2.084881e-001
3.789500e+003,-2.086296e-001
3.791428e+003,-2.079348e-001
3.793356e+003,-2.073694e-001
3.795285e+003,-2.072844e-001
3.797214e+003,-2.076502e-001
3.799142e+003,-2.071531e-001
3.801071e+003,-2.075885e-001
3.802999e+003,-2.078504e-001
3.804927e+003,-2.078162e-001
3.806856e+003,-2.074823e-001
3.808785e+003,-2.070392e-001
3.810713e+003,-2.069599e-001
3.812642e+003,-2.070841e-001
3.814570e+003,-2.068152e-001
3.816499e+003,-2.073481e-001
3.818427e+003,-2.080925e-001
3.820355e+003,-2.085003e-001
3.822284e+003,-2.079339e-001
3.824213e+003,-2.068083e-001
3.826141e+003,-2.069059e-001
3.828070e+003,-2.076296e-001
3.829998e+003,-2.071281e-001
3.831927e+003,-2.068744e-001
3.833855e+003,-2.067678e-001
3.835783e+003,-2.068918e-001
3.837712e+003,-2.069518e-001
3.839641e+003,-2.067391e-001
3.841569e+003,-2.058413e-001
3.843498e+003,-2.055415e-001
3.845426e+003,-2.054816e-001
3.847354e+003,-2.055689e-001
3.849283e+003,-2.052461e-001
3.851211e+003,-2.044692e-001
3.853140e+003,-2.054035e-001
3.855069e+003,-2.070440e-001
3.856997e+003,-2.056669e-001
3.858926e+003,-2.055391e-001
3.860854e+003,-2.059034e-001
3.862782e+003,-2.048777e-001
3.864711e+003,-2.038917e-001
3.866639e+003,-2.043310e-001
3.868568e+003,-2.038162e-001
3.870497e+003,-2.040830e-001
3.872425e+003,-2.042150e-001
3.874354e+003,-2.042575e-001
3.876282e+003,-2.040416e-001
3.878210e+003,-2.035229e-001
3.880139e+003,-2.035552e-001
3.882067e+003,-2.039861e-001
3.883996e+003,-2.030008e-001
3.885925e+003,-2.031428e-001
3.887853e+003,-2.032468e-001
3.889781e+003,-2.031354e-001
3.891710e+003,-2.039505e-001
3.893638e+003,-2.036445e-001
3.895567e+003,-2.026770e-001
3.897495e+003,-2.028414e-001
3.899424e+003,-2.029216e-001
3.901353e+003,-2.028355e-001
3.903281e+003,-2.026446e-001
3.905209e+003,-2.032740e-001
3.907138e+003,-2.033185e-001
3.909066e+003,-2.028464e-001
3.910995e+003,-2.024020e-001
3.912924e+003,-2.022220e-001
3.914852e+003,-2.018972e-001
3.916781e+003,-2.018513e-001
3.918709e+003,-2.014372e-001
3.920637e+003,-2.008317e-001
3.922566e+003,-2.009662e-001
3.924494e+003,-2.017668e-001
3.926423e+003,-2.008255e-001
3.928352e+003,-1.997829e-001
3.930280e+003,-2.001734e-001
3.932208e+003,-2.009035e-001
3.934137e+003,-2.006133e-001
3.936065e+003,-2.009568e-001
3.937994e+003,-2.011866e-001
3.939922e+003,-2.007986e-001
3.941851e+003,-2.007021e-001
3.943780e+003,-2.008977e-001
3.945708e+003,-2.004067e-001
3.947636e+003,-2.002992e-001
3.949565e+003,-2.003172e-001
3.951493e+003,-2.005060e-001
3.953422e+003,-2.002686e-001
3.955350e+003,-1.996773e-001
3.957279e+003,-1.994556e-001
3.959208e+003,-1.994202e-001
3.961136e+003,-1.987187e-001
3.963064e+003,-1.984819e-001
3.964993e+003,-1.991946e-001
3.966921e+003,-1.998618e-001
3.968850e+003,-1.990192e-001
3.970778e+003,-1.983036e-001
3.972707e+003,-1.981540e-001
3.974635e+003,-1.981970e-001
3.976564e+003,-1.977965e-001
3.978492e+003,-1.978156e-001
3.980421e+003,-1.975873e-001
3.982349e+003,-1.974434e-001
3.984278e+003,-1.972493e-001
3.986206e+003,-1.976211e-001
3.988135e+003,-1.978949e-001
3.990063e+003,-1.976438e-001
3.991992e+003,-1.970676e-001
3.993920e+003,-1.969487e-001
3.995849e+003,-1.969934e-001
3.997777e+003,-1.966997e-001
3.999706e+003,-1.965649e-001
4.001634e+003,-1.961114e-001
4.003563e+003,-1.954069e-001
4.005491e+003,-1.956461e-001
4.007420e+003,-1.963964e-001
4.009348e+003,-1.969934e-001
4.011277e+003,-1.965345e-001
4.013205e+003,-1.959971e-001
4.015134e+003,-1.954787e-001
4.017063e+003,-1.954235e-001
4.018991e+003,-1.953688e-001
4.020919e+003,-1.955457e-001
4.022848e+003,-1.946612e-001
4.024776e+003,-1.945097e-001
4.026705e+003,-1.944984e-001
4.028633e+003,-1.944549e-001
4.030562e+003,-1.945790e-001
4.032490e+003,-1.938642e-001
4.034419e+003,-1.933852e-001
4.036347e+003,-1.933533e-001
4.038276e+003,-1.932055e-001
4.040204e+003,-1.932129e-001
4.042133e+003,-1.932916e-001
4.044061e+003,-1.934166e-001
4.045990e+003,-1.931322e-001
4.047918e+003,-1.929054e-001
4.049847e+003,-1.926340e-001
4.051775e+003,-1.925622e-001
4.053704e+003,-1.925357e-001
4.055632e+003,-1.921338e-001
4.057561e+003,-1.921154e-001
4.059489e+003,-1.919960e-001
4.061418e+003,-1.915325e-001
4.063346e+003,-1.916498e-001
4.065275e+003,-1.916867e-001
4.067203e+003,-1.914864e-001
4.069132e+003,-1.906001e-001
4.071060e+003,-1.906424e-001
4.072989e+003,-1.912201e-001
4.074917e+003,-1.908362e-001
4.076846e+003,-1.905900e-001
4.078774e+003,-1.905330e-001
4.080703e+003,-1.899609e-001
4.082631e+003,-1.897575e-001
4.084560e+003,-1.899610e-001
4.086488e+003,-1.899644e-001
4.088417e+003,-1.899156e-001
4.090345e+003,-1.898485e-001
4.092274e+003,-1.894063e-001
4.094202e+003,-1.893721e-001
4.096131e+003,-1.891239e-001
4.098059e+003,-1.888777e-001
4.099988e+003,-1.884328e-001
4.101917e+003,-1.882875e-001
4.103845e+003,-1.886658e-001
4.105773e+003,-1.887199e-001
4.107702e+003,-1.884550e-001
4.109630e+003,-1.884157e-001
4.111559e+003,-1.883954e-001
4.113487e+003,-1.884236e-001
4.115416e+003,-1.886853e-001
4.117344e+003,-1.888941e-001
4.119273e+003,-1.885668e-001
4.121201e+003,-1.875484e-001
4.123130e+003,-1.867327e-001
4.125058e+003,-1.868570e-001
4.126987e+003,-1.873686e-001
4.128916e+003,-1.874292e-001
4.130844e+003,-1.868640e-001
4.132772e+003,-1.870146e-001
4.134701e+003,-1.874901e-001
4.136629e+003,-1.876868e-001
4.138558e+003,-1.874434e-001
4.140486e+003,-1.867303e-001
4.142415e+003,-1.864253e-001
4.144343e+003,-1.865771e-001
4.146272e+003,-1.858804e-001
4.148200e+003,-1.859436e-001
4.150129e+003,-1.865108e-001
4.152057e+003,-1.862441e-001
4.153986e+003,-1.861266e-001
4.155914e+003,-1.865630e-001
4.157843e+003,-1.860559e-001
4.159771e+003,-1.853261e-001
4.161700e+003,-1.850676e-001
4.163628e+003,-1.856669e-001
4.165557e+003,-1.859259e-001
4.167485e+003,-1.859310e-001
4.169414e+003,-1.859112e-001
4.171342e+003,-1.862394e-001
4.173271e+003,-1.859300e-001
4.175199e+003,-1.857162e-001
4.177128e+003,-1.850731e-001
4.179056e+003,-1.843915e-001
4.180985e+003,-1.842615e-001
4.182913e+003,-1.844075e-001
4.184842e+003,-1.846742e-001
4.186770e+003,-1.851512e-001
4.188699e+003,-1.854240e-001
4.190627e+003,-1.858277e-001
4.192556e+003,-1.853722e-001
4.194484e+003,-1.847366e-001
4.196413e+003,-1.849198e-001
4.198341e+003,-1.852302e-001
4.200270e+003,-1.848992e-001
4.202198e+003,-1.842761e-001
4.204127e+003,-1.840291e-001
4.206055e+003,-1.846059e-001
4.207984e+003,-1.847139e-001
4.209912e+003,-1.849468e-001
4.211841e+003,-1.849345e-001
4.213769e+003,-1.844098e-001
4.215698e+003,-1.844439e-001
4.217626e+003,-1.848016e-001
4.219555e+003,-1.843919e-001
4.221483e+003,-1.846819e-001
4.223412e+003,-1.850538e-001
4.225340e+003,-1.852143e-001
4.227269e+003,-1.851752e-001
4.229197e+003,-1.852427e-001
4.231125e+003,-1.850068e-001
4.233054e+003,-1.848341e-001
4.234983e+003,-1.849613e-001
4.236911e+003,-1.846476e-001
4.238840e+003,-1.844053e-001
4.240768e+003,-1.850744e-001
4.242697e+003,-1.848357e-001
4.244625e+003,-1.843658e-001
4.246554e+003,-1.847841e-001
4.248482e+003,-1.851282e-001
4.250411e+003,-1.843893e-001
4.252339e+003,-1.837736e-001
4.254268e+003,-1.844013e-001
4.256196e+003,-1.852835e-001
4.258125e+003,-1.850747e-001
4.260053e+003,-1.845807e-001
4.261982e+003,-1.843646e-001
4.263910e+003,-1.847234e-001
4.265839e+003,-1.847849e-001
4.267767e+003,-1.851997e-001
4.269696e+003,-1.851913e-001
4.271624e+003,-1.849239e-001
4.273553e+003,-1.851155e-001
4.275481e+003,-1.858202e-001
4.277410e+003,-1.852465e-001
4.279338e+003,-1.850667e-001
4.281267e+003,-1.844947e-001
4.283195e+003,-1.846317e-001
4.285124e+003,-1.852771e-001
4.287052e+003,-1.855638e-001
4.288980e+003,-1.860785e-001
4.290909e+003,-1.856984e-001
4.292838e+003,-1.849196e-001
4.294766e+003,-1.854347e-001
4.296695e+003,-1.856440e-001
4.298623e+003,-1.854568e-001
4.300552e+003,-1.852098e-001
4.302480e+003,-1.849758e-001
4.304409e+003,-1.853291e-001
4.306337e+003,-1.856988e-001
4.308266e+003,-1.855043e-001
4.310194e+003,-1.856798e-001
4.312123e+003,-1.854832e-001
4.314051e+003,-1.850493e-001
4.315979e+003,-1.850965e-001
4.317908e+003,-1.856806e-001
4.319836e+003,-1.860938e-001
4.321765e+003,-1.855361e-001
4.323694e+003,-1.851248e-001
4.325622e+003,-1.856337e-001
4.327551e+003,-1.847932e-001
4.329479e+003,-1.844654e-001
4.331408e+003,-1.850792e-001
4.333336e+003,-1.853584e-001
4.335265e+003,-1.849458e-001
4.337193e+003,-1.851492e-001
4.339122e+003,-1.857855e-001
4.341050e+003,-1.858714e-001
4.342979e+003,-1.857531e-001
4.344907e+003,-1.860344e-001
4.346835e+003,-1.852535e-001
4.348764e+003,-1.858262e-001
4.350693e+003,-1.862519e-001
4.352621e+003,-1.854110e-001
4.354550e+003,-1.847033e-001
4.356478e+003,-1.851285e-001
4.358407e+003,-1.852313e-001
4.360335e+003,-1.853398e-001
4.362264e+003,-1.852419e-001
4.364192e+003,-1.846258e-001
4.366121e+003,-1.847366e-001
4.368049e+003,-1.856191e-001
4.369978e+003,-1.859583e-001
4.371906e+003,-1.860059e-001
4.373834e+003,-1.855708e-001
4.375763e+003,-1.852030e-001
4.377691e+003,-1.852350e-001
4.379620e+003,-1.853543e-001
4.381549e+003,-1.856045e-001
4.383477e+003,-1.862608e-001
4.385406e+003,-1.865137e-001
4.387334e+003,-1.856899e-001
4.389263e+003,-1.855429e-001
4.391191e+003,-1.864866e-001
4.393120e+003,-1.859982e-001
4.395048e+003,-1.857193e-001
4.396977e+003,-1.859036e-001
4.398905e+003,-1.860435e-001
4.400833e+003,-1.856319e-001
4.402762e+003,-1.851495e-001
4.404690e+003,-1.846443e-001
4.406619e+003,-1.850022e-001
4.408547e+003,-1.851463e-001
4.410476e+003,-1.853237e-001
4.412405e+003,-1.854385e-001
4.414333e+003,-1.858350e-001
4.416262e+003,-1.866258e-001
4.418190e+003,-1.869820e-001
4.420119e+003,-1.864271e-001
4.422047e+003,-1.859879e-001
4.423976e+003,-1.864005e-001
4.425904e+003,-1.868262e-001
4.427833e+003,-1.865501e-001
4.429761e+003,-1.857980e-001
4.431689e+003,-1.859199e-001
4.433618e+003,-1.861730e-001
4.435546e+003,-1.860821e-001
4.437475e+003,-1.863477e-001
4.439403e+003,-1.856876e-001
4.441332e+003,-1.857530e-001
4.443261e+003,-1.857743e-001
4.445189e+003,-1.862256e-001
4.447118e+003,-1.867551e-001
4.449046e+003,-1.868778e-001
4.450975e+003,-1.863213e-001
4.452903e+003,-1.860374e-001
4.454832e+003,-1.862601e-001
4.456760e+003,-1.860419e-001
4.458688e+003,-1.859975e-001
4.460617e+003,-1.862839e-001
4.462545e+003,-1.861820e-001
4.464474e+003,-1.863348e-001
4.466402e+003,-1.866554e-001
4.468331e+003,-1.874454e-001
4.470260e+003,-1.871782e-001
4.472188e+003,-1.861580e-001
4.474117e+003,-1.858542e-001
4.476045e+003,-1.865271e-001
4.477974e+003,-1.862874e-001
4.479902e+003,-1.862746e-001
4.481831e+003,-1.867018e-001
4.483759e+003,-1.872875e-001
4.485688e+003,-1.863834e-001
4.487616e+003,-1.861838e-001
4.489544e+003,-1.863453e-001
4.491473e+003,-1.869042e-001
4.493401e+003,-1.865138e-001
4.495330e+003,-1.861018e-001
4.497258e+003,-1.866813e-001
4.499187e+003,-1.874337e-001
4.501116e+003,-1.874392e-001
4.503044e+003,-1.882291e-001
4.504973e+003,-1.878424e-001
4.506901e+003,-1.876173e-001
4.508830e+003,-1.873932e-001
4.510758e+003,-1.871230e-001
4.512687e+003,-1.866925e-001
4.514615e+003,-1.874275e-001
4.516543e+003,-1.876508e-001
4.518472e+003,-1.876936e-001
4.520400e+003,-1.882124e-001
4.522329e+003,-1.882837e-001
4.524257e+003,-1.880225e-001
4.526186e+003,-1.881002e-001
4.528114e+003,-1.883545e-001
4.530043e+003,-1.883295e-001
4.531972e+003,-1.880937e-001
4.533900e+003,-1.886174e-001
4.535829e+003,-1.876103e-001
4.537757e+003,-1.873230e-001
4.539686e+003,-1.870828e-001
4.541614e+003,-1.877718e-001
4.543542e+003,-1.880743e-001
4.545471e+003,-1.879443e-001
4.547399e+003,-1.883026e-001
4.549328e+003,-1.883031e-001
4.551256e+003,-1.881624e-001
4.553185e+003,-1.885462e-001
4.555113e+003,-1.879911e-001
4.557042e+003,-1.883956e-001
4.558971e+003,-1.889890e-001
4.560899e+003,-1.884632e-001
4.562828e+003,-1.878652e-001
4.564756e+003,-1.884432e-001
4.566685e+003,-1.888523e-001
4.568613e+003,-1.891809e-001
4.570542e+003,-1.892703e-001
4.572470e+003,-1.886462e-001
4.574398e+003,-1.883517e-001
4.576327e+003,-1.890232e-001
4.578255e+003,-1.892878e-001
4.580184e+003,-1.895151e-001
4.582112e+003,-1.892524e-001
4.584041e+003,-1.896727e-001
4.585969e+003,-1.906529e-001
4.587898e+003,-1.913860e-001
4.589827e+003,-1.906235e-001
4.591755e+003,-1.900822e-001
4.593684e+003,-1.897365e-001
4.595612e+003,-1.895428e-001
4.597541e+003,-1.897581e-001
4.599469e+003,-1.903871e-001
4.601397e+003,-1.899839e-001
4.603326e+003,-1.900023e-001
4.605254e+003,-1.899530e-001
4.607183e+003,-1.899808e-001
4.609111e+003,-1.896824e-001
4.611040e+003,-1.897235e-001
4.612968e+003,-1.902584e-001
4.614897e+003,-1.909215e-001
4.616825e+003,-1.909302e-001
4.618754e+003,-1.904959e-001
4.620683e+003,-1.904453e-001
4.622611e+003,-1.909971e-001
4.624540e+003,-1.912409e-001
4.626468e+003,-1.911733e-001
4.628396e+003,-1.910578e-001
4.630325e+003,-1.916239e-001
4.632253e+003,-1.918568e-001
4.634182e+003,-1.917093e-001
4.636110e+003,-1.913967e-001
4.638039e+003,-1.918906e-001
4.639967e+003,-1.923327e-001
4.641896e+003,-1.920125e-001
4.643824e+003,-1.915554e-001
4.645753e+003,-1.911154e-001
4.647682e+003,-1.911568e-001
4.649610e+003,-1.913074e-001
4.651539e+003,-1.916215e-001
4.653467e+003,-1.919513e-001
4.655396e+003,-1.914958e-001
4.657324e+003,-1.914288e-001
4.659252e+003,-1.925047e-001
4.661181e+003,-1.926516e-001
4.663109e+003,-1.916608e-001
4.665038e+003,-1.916131e-001
4.666966e+003,-1.923397e-001
4.668895e+003,-1.926564e-001
4.670823e+003,-1.915506e-001
4.672752e+003,-1.911402e-001
4.674680e+003,-1.915856e-001
4.676609e+003,-1.928506e-001
4.678538e+003,-1.925629e-001
4.680466e+003,-1.918511e-001
4.682395e+003,-1.915502e-001
4.684323e+003,-1.922667e-001
4.686251e+003,-1.922002e-001
4.688180e+003,-1.926943e-001
4.690108e+003,-1.923936e-001
4.692037e+003,-1.920464e-001
4.693965e+003,-1.923836e-001
4.695894e+003,-1.929530e-001
4.697822e+003,-1.932062e-001
4.699751e+003,-1.934817e-001
4.701679e+003,-1.933354e-001
4.703608e+003,-1.935039e-001
4.705536e+003,-1.935947e-001
4.707465e+003,-1.937541e-001
4.709394e+003,-1.937826e-001
4.711322e+003,-1.941207e-001
4.713250e+003,-1.934462e-001
4.715179e+003,-1.926840e-001
4.717107e+003,-1.933781e-001
4.719036e+003,-1.939346e-001
4.720964e+003,-1.939370e-001
4.722893e+003,-1.939425e-001
4.724821e+003,-1.938478e-001
4.726750e+003,-1.932013e-001
4.728678e+003,-1.926610e-001
4.730607e+003,-1.934272e-001
4.732535e+003,-1.937480e-001
4.734464e+003,-1.946654e-001
4.736392e+003,-1.949987e-001
4.738321e+003,-1.946297e-001
4.740250e+003,-1.941950e-001
4.742178e+003,-1.941961e-001
4.744106e+003,-1.939384e-001
4.746035e+003,-1.935381e-001
4.747963e+003,-1.933271e-001
4.749892e+003,-1.939049e-001
4.751820e+003,-1.947871e-001
4.753749e+003,-1.945881e-001
4.755677e+003,-1.937899e-001
4.757606e+003,-1.939389e-001
4.759534e+003,-1.947620e-001
4.761463e+003,-1.945131e-001
4.763391e+003,-1.944878e-001
4.765320e+003,-1.951320e-001
4.767249e+003,-1.955067e-001
4.769177e+003,-1.955542e-001
4.771105e+003,-1.951358e-001
4.773034e+003,-1.953438e-001
4.774962e+003,-1.955303e-001
4.776891e+003,-1.954888e-001
4.778819e+003,-1.951732e-001
4.780748e+003,-1.952010e-001
4.782676e+003,-1.948753e-001
4.784605e+003,-1.946684e-001
4.786533e+003,-1.948883e-001
4.788462e+003,-1.953563e-001
4.790390e+003,-1.952059e-001
4.792319e+003,-1.948280e-001
4.794247e+003,-1.953328e-001
4.796176e+003,-1.952874e-001
4.798104e+003,-1.944505e-001
4.800033e+003,-1.947203e-001
4.801961e+003,-1.945483e-001
4.803890e+003,-1.944509e-001
4.805818e+003,-1.943387e-001
4.807747e+003,-1.944828e-001
4.809675e+003,-1.944802e-001
4.811604e+003,-1.953078e-001
4.813532e+003,-1.964992e-001
4.815461e+003,-1.963328e-001
4.817389e+003,-1.956732e-001
4.819318e+003,-1.964041e-001
4.821246e+003,-1.980092e-001
4.823175e+003,-1.984248e-001
4.825103e+003,-1.971318e-001
4.827032e+003,-1.974454e-001
4.828960e+003,-1.972437e-001
4.830889e+003,-1.967049e-001
4.832817e+003,-1.961243e-001
4.834746e+003,-1.961150e-001
4.836674e+003,-1.963190e-001
4.838603e+003,-1.964673e-001
4.840531e+003,-1.968204e-001
4.842460e+003,-1.970280e-001
4.844388e+003,-1.961235e-001
4.846317e+003,-1.951798e-001
4.848245e+003,-1.949010e-001
4.850174e+003,-1.963631e-001
4.852102e+003,-1.964758e-001
4.854031e+003,-1.964049e-001
4.855959e+003,-1.968236e-001
4.857888e+003,-1.976943e-001
4.859816e+003,-1.989913e-001
4.861745e+003,-1.982624e-001
4.863673e+003,-1.967942e-001
4.865602e+003,-1.973087e-001
4.867530e+003,-1.983209e-001
4.869458e+003,-1.985687e-001
4.871387e+003,-1.982338e-001
4.873316e+003,-1.976430e-001
4.875244e+003,-1.978849e-001
4.877173e+003,-1.980125e-001
4.879101e+003,-1.968753e-001
4.881030e+003,-1.975933e-001
4.882958e+003,-1.984584e-001
4.884887e+003,-1.983109e-001
4.886815e+003,-1.978690e-001
4.888744e+003,-1.979973e-001
4.890672e+003,-1.980668e-001
4.892601e+003,-1.973808e-001
4.894529e+003,-1.973687e-001
4.896458e+003,-1.988395e-001
4.898386e+003,-1.986000e-001
4.900315e+003,-1.974391e-001
4.902243e+003,-1.973902e-001
4.904172e+003,-1.985621e-001
4.906100e+003,-1.993145e-001
4.908029e+003,-1.984529e-001
4.909957e+003,-1.977349e-001
4.911886e+003,-1.982972e-001
4.913814e+003,-1.989668e-001
4.915743e+003,-1.994444e-001
4.917671e+003,-1.992252e-001
4.919600e+003,-1.993263e-001
4.921528e+003,-2.000563e-001
4.923457e+003,-2.004803e-001
4.925385e+003,-1.997754e-001
4.927313e+003,-1.995258e-001
4.929242e+003,-1.989582e-001
4.931171e+003,-1.983812e-001
4.933099e+003,-1.986096e-001
4.935028e+003,-1.995549e-001
4.936956e+003,-2.004213e-001
4.938885e+003,-1.999941e-001
4.940813e+003,-1.985767e-001
4.942742e+003,-1.986773e-001
4.944670e+003,-1.993570e-001
4.946599e+003,-1.990797e-001
4.948527e+003,-1.988321e-001
4.950456e+003,-1.986245e-001
4.952384e+003,-1.995494e-001
4.954313e+003,-1.998808e-001
4.956241e+003,-1.985388e-001
4.958169e+003,-1.978595e-001
4.960098e+003,-1.988389e-001
4.962027e+003,-2.001795e-001
4.963955e+003,-2.003557e-001
4.965884e+003,-2.000803e-001
4.967812e+003,-2.003813e-001
4.969741e+003,-1.998149e-001
4.971669e+003,-1.988259e-001
4.973598e+003,-1.991859e-001
4.975526e+003,-1.984440e-001
4.977455e+003,-1.977340e-001
4.979383e+003,-1.990471e-001
4.981312e+003,-2.007066e-001
4.983240e+003,-1.993066e-001
4.985168e+003,-1.985329e-001
4.987097e+003,-1.992845e-001
4.989025e+003,-1.992766e-001
4.990954e+003,-1.977942e-001
4.992883e+003,-1.982467e-001
4.994811e+003,-1.997839e-001
4.996740e+003,-1.998007e-001
4.998668e+003,-1.988202e-001
5.000597e+003,-1.981156e-001
5.002525e+003,-1.983266e-001
5.004454e+003,-1.988035e-001
5.006382e+003,-1.987215e-001
5.008311e+003,-1.994895e-001
5.010239e+003,-1.999344e-001
5.012167e+003,-1.989358e-001
5.014096e+003,-1.988611e-001
5.016024e+003,-1.994368e-001
5.017953e+003,-1.997219e-001
5.019882e+003,-2.003214e-001
5.021810e+003,-1.998904e-001
5.023739e+003,-1.987298e-001
5.025667e+003,-1.983113e-001
5.027596e+003,-1.983034e-001
5.029524e+003,-1.985129e-001
5.031453e+003,-1.991313e-001
5.033381e+003,-1.997426e-001
5.035310e+003,-1.996180e-001
5.037238e+003,-1.986271e-001
5.039167e+003,-1.984945e-001
5.041095e+003,-1.984566e-001
5.043023e+003,-1.981052e-001
5.044952e+003,-1.980893e-001
5.046880e+003,-2.000865e-001
5.048809e+003,-1.992867e-001
5.050738e+003,-1.984564e-001
5.052666e+003,-1.991648e-001
5.054595e+003,-1.990124e-001
5.056523e+003,-1.982946e-001
5.058452e+003,-1.982896e-001
5.060380e+003,-1.980667e-001
5.062309e+003,-1.985924e-001
5.064237e+003,-1.993934e-001
5.066166e+003,-1.988740e-001
5.068094e+003,-1.994149e-001
5.070022e+003,-1.997940e-001
5.071951e+003,-1.994263e-001
5.073879e+003,-1.995895e-001
5.075808e+003,-1.988924e-001
5.077736e+003,-1.982194e-001
5.079665e+003,-1.982003e-001
5.081594e+003,-1.984457e-001
5.083522e+003,-1.989064e-001
5.085451e+003,-1.990681e-001
5.087379e+003,-1.991382e-001
5.089308e+003,-1.995774e-001
5.091236e+003,-1.994732e-001
5.093165e+003,-2.001439e-001
5.095093e+003,-2.008798e-001
5.097021e+003,-2.005760e-001
5.098950e+003,-1.998339e-001
5.100878e+003,-1.987820e-001
5.102807e+003,-1.986534e-001
5.104735e+003,-1.990835e-001
5.106664e+003,-1.997012e-001
5.108593e+003,-2.014909e-001
5.110521e+003,-2.007375e-001
5.112450e+003,-1.992802e-001
5.114378e+003,-1.996144e-001
5.116307e+003,-1.998550e-001
5.118235e+003,-2.001192e-001
5.120164e+003,-2.004171e-001
5.122092e+003,-2.002632e-001
5.124021e+003,-2.010895e-001
5.125949e+003,-2.021477e-001
5.127877e+003,-2.015222e-001
5.129806e+003,-2.002719e-001
5.131734e+003,-2.001180e-001
5.133663e+003,-1.998803e-001
5.135591e+003,-2.001628e-001
5.137520e+003,-2.003482e-001
5.139449e+003,-2.003116e-001
5.141377e+003,-2.009295e-001
5.143306e+003,-2.011857e-001
5.145234e+003,-2.005896e-001
5.147163e+003,-2.006686e-001
5.149091e+003,-2.006983e-001
5.151020e+003,-2.008429e-001
5.152948e+003,-2.020377e-001
5.154876e+003,-2.028517e-001
5.156805e+003,-2.022602e-001
5.158733e+003,-2.016974e-001
5.160662e+003,-2.004649e-001
5.162590e+003,-2.002758e-001
5.164519e+003,-1.999436e-001
5.166447e+003,-2.003276e-001
5.168376e+003,-2.008030e-001
5.170305e+003,-2.012244e-001
5.172233e+003,-2.015130e-001
5.174162e+003,-2.021851e-001
5.176090e+003,-2.017255e-001
5.178019e+003,-2.010376e-001
5.179947e+003,-2.002945e-001
5.181875e+003,-2.009997e-001
5.183804e+003,-2.020154e-001
5.185732e+003,-2.019117e-001
5.187661e+003,-2.013730e-001
5.189589e+003,-2.016620e-001
5.191518e+003,-2.019964e-001
5.193446e+003,-2.015243e-001
5.195375e+003,-2.014563e-001
5.197304e+003,-2.015526e-001
5.199232e+003,-2.017897e-001
5.201161e+003,-2.019121e-001
5.203089e+003,-2.011113e-001
5.205018e+003,-2.010601e-001
5.206946e+003,-2.016807e-001
5.208875e+003,-2.020539e-001
5.210803e+003,-2.009975e-001
5.212731e+003,-2.004591e-001
5.214660e+003,-2.009099e-001
5.216588e+003,-2.022309e-001
5.218517e+003,-2.017058e-001
5.220445e+003,-2.022756e-001
5.222374e+003,-2.026811e-001
5.224302e+003,-2.019600e-001
5.226231e+003,-2.022084e-001
5.228160e+003,-2.022106e-001
5.230088e+003,-2.020118e-001
5.232017e+003,-2.018885e-001
5.233945e+003,-2.018901e-001
5.235874e+003,-2.014317e-001
5.237802e+003,-2.000993e-001
5.239730e+003,-2.008605e-001
5.241659e+003,-2.019007e-001
5.243587e+003,-2.020849e-001
5.245516e+003,-2.020804e-001
5.247444e+003,-2.012144e-001
5.249373e+003,-2.001059e-001
5.251301e+003,-2.003789e-001
5.253230e+003,-2.006530e-001
5.255158e+003,-2.007667e-001
5.257087e+003,-2.012094e-001
5.259016e+003,-2.015934e-001
5.260944e+003,-2.010090e-001
5.262873e+003,-2.026475e-001
5.264801e+003,-2.032735e-001
5.266729e+003,-2.007641e-001
5.268658e+003,-1.999461e-001
5.270586e+003,-2.010648e-001
5.272515e+003,-2.011515e-001
5.274443e+003,-2.012770e-001
5.276372e+003,-2.014881e-001
5.278300e+003,-2.023718e-001
5.280229e+003,-2.020415e-001
5.282157e+003,-2.017855e-001
5.284086e+003,-2.025541e-001
5.286014e+003,-2.023109e-001
5.287943e+003,-2.021866e-001
5.289872e+003,-2.027560e-001
5.291800e+003,-2.022692e-001
5.293729e+003,-2.018427e-001
5.295657e+003,-2.017257e-001
5.297585e+003,-2.019905e-001
5.299514e+003,-2.019747e-001
5.301442e+003,-2.016285e-001
5.303371e+003,-2.008438e-001
5.305299e+003,-2.007225e-001
5.307228e+003,-2.014347e-001
5.309156e+003,-2.019528e-001
5.311085e+003,-2.015153e-001
5.313013e+003,-2.008029e-001
5.314942e+003,-2.004333e-001
5.316871e+003,-2.016791e-001
5.318799e+003,-2.023690e-001
5.320728e+003,-2.016435e-001
5.322656e+003,-2.009181e-001
5.324584e+003,-2.008516e-001
5.326513e+003,-2.015175e-001
5.328441e+003,-2.016456e-001
5.330370e+003,-2.013341e-001
5.332298e+003,-2.013791e-001
5.334227e+003,-1.999400e-001
5.336155e+003,-1.998676e-001
5.338084e+003,-2.008839e-001
5.340012e+003,-2.013574e-001
5.341941e+003,-2.016945e-001
5.343869e+003,-2.029249e-001
5.345798e+003,-2.021098e-001
5.347727e+003,-2.019559e-001
5.349655e+003,-2.024674e-001
5.351583e+003,-2.030707e-001
5.353512e+003,-2.025626e-001
5.355440e+003,-2.007169e-001
5.357369e+003,-2.002884e-001
5.359297e+003,-2.004925e-001
5.361226e+003,-1.994797e-001
5.363154e+003,-2.002225e-001
5.365083e+003,-2.006161e-001
5.367011e+003,-1.995448e-001
5.368940e+003,-2.005177e-001
5.370868e+003,-2.009653e-001
5.372797e+003,-2.005282e-001
5.374725e+003,-2.020188e-001
5.376654e+003,-2.029840e-001
5.378583e+003,-2.027910e-001
5.380511e+003,-2.021076e-001
5.382439e+003,-2.019632e-001
5.384368e+003,-2.018042e-001
5.386296e+003,-2.018707e-001
5.388225e+003,-2.006366e-001
5.390153e+003,-1.999090e-001
5.392082e+003,-1.998375e-001
5.394010e+003,-2.011330e-001
5.395939e+003,-2.010890e-001
5.397867e+003,-2.012744e-001
5.399796e+003,-2.014266e-001
5.401724e+003,-2.021122e-001
5.403653e+003,-2.026448e-001
5.405582e+003,-2.024830e-001
5.407510e+003,-2.023081e-001
5.409438e+003,-2.018453e-001
5.411367e+003,-2.006079e-001
5.413295e+003,-2.027144e-001
5.415224e+003,-2.028103e-001
5.417152e+003,-2.014317e-001
5.419081e+003,-2.012369e-001
5.421009e+003,-2.011048e-001
5.422938e+003,-2.028227e-001
5.424866e+003,-2.029829e-001
5.426795e+003,-2.005489e-001
5.428723e+003,-2.002375e-001
5.430652e+003,-2.001288e-001
5.432580e+003,-2.024929e-001
5.434509e+003,-2.031601e-001
5.436438e+003,-2.011236e-001
5.438366e+003,-2.012843e-001
5.440294e+003,-2.030729e-001
5.442223e+003,-2.020897e-001
5.444151e+003,-2.015475e-001
5.446080e+003,-2.012342e-001
5.448008e+003,-2.015687e-001
5.449937e+003,-2.017159e-001
5.451865e+003,-2.012476e-001
5.453794e+003,-2.006704e-001
5.455722e+003,-2.010765e-001
5.457651e+003,-2.015843e-001
5.459579e+003,-2.018284e-001
5.461508e+003,-2.020796e-001
5.463436e+003,-2.018193e-001
5.465365e+003,-2.013372e-001
5.467293e+003,-2.011686e-001
5.469222e+003,-2.020189e-001
5.471150e+003,-2.026703e-001
5.473079e+003,-2.021347e-001
5.475007e+003,-2.035446e-001
5.476936e+003,-2.031581e-001
5.478864e+003,-2.023980e-001
5.480793e+003,-2.025171e-001
5.482721e+003,-2.024222e-001
5.484650e+003,-2.028961e-001
5.486578e+003,-2.030631e-001
5.488507e+003,-2.017387e-001
5.490435e+003,-2.018517e-001
5.492364e+003,-2.023779e-001
5.494292e+003,-2.027830e-001
5.496221e+003,-2.023337e-001
5.498149e+003,-2.027282e-001
5.500078e+003,-2.030786e-001
5.502006e+003,-2.035964e-001
5.503935e+003,-2.034213e-001
5.505863e+003,-2.028494e-001
5.507792e+003,-2.041645e-001
5.509720e+003,-2.045612e-001
5.511649e+003,-2.024384e-001
5.513577e+003,-2.011522e-001
5.515506e+003,-2.024095e-001
5.517434e+003,-2.034785e-001
5.519363e+003,-2.035195e-001
5.521291e+003,-2.036901e-001
5.523220e+003,-2.018135e-001
5.525148e+003,-2.022260e-001
5.527077e+003,-2.027882e-001
5.529005e+003,-2.031371e-001
5.530934e+003,-2.034974e-001
5.532862e+003,-2.028408e-001
5.534791e+003,-2.032000e-001
5.536719e+003,-2.035195e-001
5.538648e+003,-2.031324e-001
5.540576e+003,-2.025597e-001
5.542505e+003,-2.019078e-001
5.544433e+003,-2.025874e-001
5.546362e+003,-2.023040e-001
5.548290e+003,-2.018116e-001
5.550219e+003,-2.013365e-001
5.552147e+003,-2.017377e-001
5.554076e+003,-2.024717e-001
5.556004e+003,-2.019642e-001
5.557933e+003,-2.012867e-001
5.559861e+003,-2.024709e-001
5.561790e+003,-2.029178e-001
5.563718e+003,-2.027647e-001
5.565646e+003,-2.023581e-001
5.567575e+003,-2.017164e-001
5.569504e+003,-2.011877e-001
5.571432e+003,-2.010601e-001
5.573361e+003,-2.008379e-001
5.575289e+003,-2.024406e-001
5.577218e+003,-2.038556e-001
5.579146e+003,-2.048286e-001
5.581075e+003,-2.037268e-001
5.583003e+003,-2.018551e-001
5.584932e+003,-1.998933e-001
5.586860e+003,-1.998172e-001
5.588789e+003,-2.006998e-001
5.590717e+003,-2.002711e-001
5.592646e+003,-1.995473e-001
5.594574e+003,-2.006585e-001
5.596502e+003,-2.014093e-001
5.598431e+003,-2.008107e-001
5.600360e+003,-2.008145e-001
5.602288e+003,-2.012915e-001
5.604217e+003,-2.013971e-001
5.606145e+003,-2.022535e-001
5.608074e+003,-2.030207e-001
5.610002e+003,-2.022920e-001
5.611931e+003,-2.013777e-001
5.613859e+003,-2.013846e-001
5.615788e+003,-2.013686e-001
5.617716e+003,-2.006967e-001
5.619645e+003,-1.996077e-001
5.621573e+003,-2.009618e-001
5.623501e+003,-2.020953e-001
5.625430e+003,-2.011680e-001
5.627358e+003,-2.007156e-001
5.629287e+003,-2.001464e-001
5.631216e+003,-1.989868e-001
5.633144e+003,-2.000241e-001
5.635073e+003,-2.012770e-001
5.637001e+003,-2.008368e-001
5.638930e+003,-2.018878e-001
5.640858e+003,-2.019830e-001
5.642787e+003,-2.008302e-001
5.644715e+003,-2.003679e-001
5.646644e+003,-1.992355e-001
5.648572e+003,-1.991334e-001
5.650500e+003,-2.001358e-001
5.652429e+003,-2.006099e-001
5.654357e+003,-2.005241e-001
5.656286e+003,-2.009647e-001
5.658215e+003,-2.009334e-001
5.660143e+003,-1.993899e-001
5.662072e+003,-1.994184e-001
5.664000e+003,-2.010926e-001
5.665929e+003,-2.009603e-001
5.667857e+003,-2.002703e-001
5.669786e+003,-2.001734e-001
5.671714e+003,-2.004594e-001
5.673643e+003,-2.014816e-001
5.675571e+003,-2.010683e-001
5.677500e+003,-1.994666e-001
5.679428e+003,-2.004182e-001
5.681356e+003,-2.005091e-001
5.683285e+003,-2.001231e-001
5.685213e+003,-2.001936e-001
5.687142e+003,-2.009584e-001
5.689071e+003,-2.004886e-001
5.690999e+003,-2.001826e-001
5.692928e+003,-2.000300e-001
5.694856e+003,-2.003788e-001
5.696785e+003,-2.015943e-001
5.698713e+003,-2.023890e-001
5.700642e+003,-2.022796e-001
5.702570e+003,-2.018686e-001
5.704499e+003,-2.012920e-001
5.706427e+003,-2.008998e-001
5.708355e+003,-2.010435e-001
5.710284e+003,-2.011957e-001
5.712212e+003,-2.008452e-001
5.714141e+003,-1.996567e-001
5.716069e+003,-2.001346e-001
5.717998e+003,-2.014003e-001
5.719927e+003,-1.996481e-001
5.721855e+003,-1.993268e-001
5.723784e+003,-2.007174e-001
5.725712e+003,-2.014851e-001
5.727641e+003,-2.014898e-001
5.729569e+003,-2.016149e-001
5.731498e+003,-2.014369e-001
5.733426e+003,-2.021677e-001
5.735354e+003,-2.023216e-001
5.737283e+003,-2.021169e-001
5.739211e+003,-2.012631e-001
5.741140e+003,-2.010020e-001
5.743068e+003,-2.018524e-001
5.744997e+003,-2.013850e-001
5.746926e+003,-2.004438e-001
5.748854e+003,-1.992899e-001
5.750783e+003,-1.989648e-001
5.752711e+003,-2.011134e-001
5.754640e+003,-2.017166e-001
5.756568e+003,-2.005998e-001
5.758497e+003,-1.999705e-001
5.760425e+003,-2.002136e-001
5.762354e+003,-1.998385e-001
5.764282e+003,-2.002280e-001
5.766210e+003,-2.006610e-001
5.768139e+003,-2.000295e-001
5.770067e+003,-1.991298e-001
5.771996e+003,-2.013691e-001
5.773924e+003,-2.048383e-001
5.775853e+003,-2.048730e-001
5.777782e+003,-2.035782e-001
5.779710e+003,-2.025692e-001
5.781639e+003,-2.004847e-001
5.783567e+003,-2.018154e-001
5.785496e+003,-2.030657e-001
5.787424e+003,-2.018287e-001
5.789353e+003,-2.003908e-001
5.791281e+003,-2.018516e-001
5.793209e+003,-2.011611e-001
5.795138e+003,-1.999578e-001
5.797066e+003,-1.991779e-001
5.798995e+003,-2.005110e-001
5.800923e+003,-2.025611e-001
5.802852e+003,-2.019556e-001
5.804780e+003,-2.005977e-001
5.806709e+003,-2.023354e-001
5.808638e+003,-2.028513e-001
5.810566e+003,-2.028730e-001
5.812495e+003,-2.025826e-001
5.814423e+003,-2.026510e-001
5.816352e+003,-2.033635e-001
5.818280e+003,-2.024101e-001
5.820208e+003,-1.999673e-001
5.822137e+003,-1.998872e-001
5.824065e+003,-2.015171e-001
5.825994e+003,-2.028963e-001
5.827922e+003,-2.008632e-001
5.829851e+003,-2.004208e-001
5.831779e+003,-2.011079e-001
5.833708e+003,-2.010190e-001
5.835637e+003,-1.997494e-001
5.837565e+003,-2.003529e-001
5.839494e+003,-2.009060e-001
5.841422e+003,-2.018583e-001
5.843351e+003,-2.005390e-001
5.845279e+003,-1.998396e-001
5.847208e+003,-2.011944e-001
5.849136e+003,-2.038975e-001
5.851064e+003,-2.028739e-001
5.852993e+003,-2.031453e-001
5.854921e+003,-2.026886e-001
5.856850e+003,-2.011236e-001
5.858778e+003,-2.000658e-001
5.860707e+003,-1.989178e-001
5.862635e+003,-1.989327e-001
5.864564e+003,-2.007590e-001
5.866493e+003,-2.023480e-001
5.868421e+003,-2.023560e-001
5.870350e+003,-2.007038e-001
5.872278e+003,-2.003012e-001
5.874207e+003,-1.993092e-001
5.876135e+003,-1.991710e-001
5.878063e+003,-1.996981e-001
5.879992e+003,-1.992490e-001
5.881920e+003,-1.992845e-001
5.883849e+003,-2.013054e-001
5.885777e+003,-2.015731e-001
5.887706e+003,-2.019343e-001
5.889634e+003,-2.028473e-001
5.891563e+003,-2.031916e-001
5.893491e+003,-2.014463e-001
5.895420e+003,-2.009952e-001
5.897349e+003,-2.000696e-001
5.899277e+003,-2.017969e-001
5.901206e+003,-2.015935e-001
5.903134e+003,-1.989306e-001
5.905063e+003,-1.998766e-001
5.906991e+003,-1.999975e-001
5.908919e+003,-1.991252e-001
5.910848e+003,-2.000139e-001
5.912776e+003,-1.983759e-001
5.914705e+003,-1.981178e-001
5.916633e+003,-1.999556e-001
5.918562e+003,-2.008639e-001
5.920490e+003,-2.011230e-001
5.922419e+003,-2.003783e-001
5.924347e+003,-1.991028e-001
5.926276e+003,-1.979308e-001
5.928205e+003,-1.977554e-001
5.930133e+003,-2.008287e-001
5.932062e+003,-2.019080e-001
5.933990e+003,-2.007693e-001
5.935918e+003,-1.994854e-001
5.937847e+003,-2.006553e-001
5.939775e+003,-2.004195e-001
5.941704e+003,-1.997535e-001
5.943632e+003,-1.988680e-001
5.945561e+003,-1.975790e-001
5.947489e+003,-1.978563e-001
5.949418e+003,-1.996378e-001
5.951346e+003,-1.984538e-001
5.953275e+003,-1.977348e-001
5.955204e+003,-1.987751e-001
5.957132e+003,-1.986427e-001
5.959061e+003,-1.998660e-001
5.960989e+003,-2.017430e-001
5.962917e+003,-1.995268e-001
5.964846e+003,-1.974381e-001
5.966774e+003,-1.972185e-001
5.968703e+003,-1.999796e-001
5.970631e+003,-2.011182e-001
5.972560e+003,-1.980348e-001
5.974488e+003,-1.969854e-001
5.976417e+003,-1.976592e-001
5.978345e+003,-1.981483e-001
5.980274e+003,-1.992639e-001
5.982202e+003,-1.986239e-001
5.984131e+003,-1.974302e-001
5.986060e+003,-1.985821e-001
5.987988e+003,-1.992729e-001
5.989917e+003,-1.975525e-001
5.991845e+003,-1.980449e-001
5.993773e+003,-1.994631e-001
5.995702e+003,-2.002919e-001
5.997630e+003,-1.997738e-001
5.999559e+003,-1.982329e-001
6.001487e+003,-1.999811e-001
6.003416e+003,-2.012316e-001
6.005344e+003,-1.986517e-001
6.007273e+003,-1.984164e-001
6.009201e+003,-1.994933e-001
6.011130e+003,-1.990793e-001
6.013058e+003,-1.989428e-001
6.014987e+003,-1.997818e-001
6.016916e+003,-2.000099e-001
6.018844e+003,-2.000009e-001
6.020772e+003,-1.993592e-001
6.022701e+003,-2.002997e-001
6.024629e+003,-2.008616e-001
6.026558e+003,-1.995250e-001
6.028486e+003,-2.016000e-001
6.030415e+003,-2.013325e-001
6.032343e+003,-1.992368e-001
6.034272e+003,-1.998381e-001
6.036200e+003,-1.988519e-001
6.038129e+003,-1.986684e-001
6.040057e+003,-1.991620e-001
6.041986e+003,-1.993931e-001
6.043915e+003,-1.986407e-001
6.045843e+003,-1.981671e-001
6.047771e+003,-1.990418e-001
6.049700e+003,-2.008908e-001
6.051628e+003,-2.004199e-001
6.053557e+003,-2.013252e-001
6.055485e+003,-2.010831e-001
6.057414e+003,-2.018682e-001
6.059342e+003,-2.008511e-001
6.061271e+003,-2.000613e-001
6.063199e+003,-1.998806e-001
6.065128e+003,-1.995588e-001
6.067056e+003,-1.979863e-001
6.068985e+003,-1.984325e-001
6.070913e+003,-1.976711e-001
6.072842e+003,-1.974018e-001
6.074771e+003,-1.987191e-001
6.076699e+003,-2.023216e-001
6.078627e+003,-2.020432e-001
6.080556e+003,-2.011898e-001
6.082484e+003,-2.010695e-001
6.084413e+003,-2.008994e-001
6.086341e+003,-1.998446e-001
6.088270e+003,-2.006626e-001
6.090198e+003,-2.027282e-001
6.092127e+003,-2.031407e-001
6.094055e+003,-2.005383e-001
6.095984e+003,-2.010265e-001
6.097912e+003,-2.029207e-001
6.099841e+003,-2.033396e-001
6.101769e+003,-2.030865e-001
6.103698e+003,-2.014841e-001
6.105626e+003,-1.990791e-001
6.107555e+003,-1.984234e-001
6.109483e+003,-1.993678e-001
6.111412e+003,-2.003090e-001
6.113340e+003,-1.991224e-001
6.115269e+003,-1.990049e-001
6.117197e+003,-1.985874e-001
6.119126e+003,-1.999265e-001
6.121054e+003,-2.020955e-001
6.122983e+003,-2.031145e-001
6.124911e+003,-2.025056e-001
6.126840e+003,-2.020608e-001
6.128768e+003,-1.997359e-001
6.130697e+003,-1.980517e-001
6.132625e+003,-1.988810e-001
6.134554e+003,-2.004891e-001
6.136482e+003,-2.007942e-001
6.138411e+003,-2.004892e-001
6.140339e+003,-2.017939e-001
6.142268e+003,-2.025822e-001
6.144196e+003,-2.011736e-001
6.146125e+003,-2.021458e-001
6.148053e+003,-2.016048e-001
6.149982e+003,-2.004507e-001
6.151910e+003,-1.999210e-001
6.153839e+003,-1.978803e-001
6.155767e+003,-1.970196e-001
6.157696e+003,-1.991040e-001
6.159624e+003,-2.001482e-001
6.161553e+003,-2.007417e-001
6.163481e+003,-2.009667e-001
6.165410e+003,-2.014726e-001
6.167338e+003,-2.014093e-001
6.169267e+003,-2.013810e-001
6.171195e+003,-2.019573e-001
6.173124e+003,-2.018489e-001
6.175052e+003,-1.986329e-001
6.176981e+003,-1.958206e-001
6.178909e+003,-1.974069e-001
6.180838e+003,-2.009438e-001
6.182766e+003,-2.006704e-001
6.184695e+003,-1.989698e-001
6.186623e+003,-1.975073e-001
6.188552e+003,-1.974943e-001
6.190480e+003,-2.002904e-001
6.192409e+003,-2.016059e-001
6.194337e+003,-1.997752e-001
6.196266e+003,-1.977037e-001
6.198194e+003,-1.976517e-001
6.200123e+003,-1.974486e-001
6.202051e+003,-1.956283e-001
6.203979e+003,-1.949866e-001
6.205908e+003,-1.967413e-001
6.207837e+003,-1.991961e-001
6.209765e+003,-1.976558e-001
6.211694e+003,-1.956834e-001
6.213622e+003,-1.957542e-001
6.215551e+003,-1.971206e-001
6.217479e+003,-1.969603e-001
6.219408e+003,-1.964080e-001
6.221336e+003,-1.989452e-001
6.223265e+003,-1.995181e-001
6.225193e+003,-1.980485e-001
6.227122e+003,-2.000551e-001
6.229050e+003,-2.002690e-001
6.230979e+003,-1.996377e-001
6.232907e+003,-1.989670e-001
6.234835e+003,-1.988530e-001
6.236764e+003,-2.015672e-001
6.238693e+003,-2.011599e-001
6.240621e+003,-1.977774e-001
6.242550e+003,-1.979558e-001
6.244478e+003,-1.978407e-001
6.246407e+003,-1.959726e-001
6.248335e+003,-1.944015e-001
6.250264e+003,-1.997586e-001
6.252192e+003,-2.036792e-001
6.254121e+003,-2.006806e-001
6.256049e+003,-1.971486e-001
6.257978e+003,-1.950854e-001
6.259906e+003,-1.948419e-001
6.261834e+003,-1.975048e-001
6.263763e+003,-1.985531e-001
6.265691e+003,-1.990109e-001
6.267620e+003,-1.982010e-001
6.269549e+003,-1.968393e-001
6.271477e+003,-1.962953e-001
6.273406e+003,-1.971485e-001
6.275334e+003,-1.964068e-001
6.277263e+003,-1.964390e-001
6.279191e+003,-1.985237e-001
6.281120e+003,-1.982927e-001
6.283048e+003,-1.951073e-001
6.284977e+003,-1.944177e-001
6.286905e+003,-1.960714e-001
6.288833e+003,-1.962896e-001
6.290762e+003,-1.946964e-001
6.292690e+003,-1.969991e-001
6.294619e+003,-1.981254e-001
6.296548e+003,-1.997919e-001
6.298476e+003,-2.000229e-001
6.300405e+003,-1.996406e-001
6.302333e+003,-1.987812e-001
6.304262e+003,-1.982551e-001
6.306190e+003,-1.984407e-001
6.308119e+003,-1.978166e-001
6.310047e+003,-1.974868e-001
6.311976e+003,-1.980419e-001
6.313904e+003,-1.952871e-001
6.315833e+003,-1.946137e-001
6.317761e+003,-1.967919e-001
6.319689e+003,-1.998423e-001
6.321618e+003,-1.992608e-001
6.323546e+003,-1.997116e-001
6.325475e+003,-1.977535e-001
6.327404e+003,-1.968434e-001
6.329332e+003,-1.978999e-001
6.331261e+003,-2.003217e-001
6.333189e+003,-1.989972e-001
6.335118e+003,-1.992647e-001
6.337046e+003,-2.017416e-001
6.338975e+003,-2.000092e-001
6.340903e+003,-1.956128e-001
6.342832e+003,-1.950408e-001
6.344760e+003,-1.956510e-001
6.346688e+003,-1.958538e-001
6.348617e+003,-1.979989e-001
6.350545e+003,-2.005536e-001
6.352474e+003,-2.017421e-001
6.354402e+003,-2.005944e-001
6.356331e+003,-1.993094e-001
6.358260e+003,-1.998159e-001
6.360188e+003,-2.024358e-001
6.362117e+003,-2.048534e-001
6.364045e+003,-2.017723e-001
6.365974e+003,-1.981017e-001
6.367902e+003,-1.966982e-001
6.369831e+003,-1.988071e-001
6.371759e+003,-1.990051e-001
6.373688e+003,-1.998721e-001
6.375616e+003,-1.990375e-001
6.377544e+003,-1.985913e-001
6.379473e+003,-1.973266e-001
6.381401e+003,-1.979310e-001
6.383330e+003,-1.995658e-001
6.385259e+003,-2.009519e-001
6.387187e+003,-1.994899e-001
6.389116e+003,-1.989897e-001
6.391044e+003,-1.995172e-001
6.392973e+003,-2.008363e-001
6.394901e+003,-1.988627e-001
6.396830e+003,-1.971806e-001
6.398758e+003,-1.991780e-001
6.400687e+003,-2.010372e-001
6.402615e+003,-2.009033e-001
6.404543e+003,-2.013569e-001
6.406472e+003,-1.997644e-001
6.408400e+003,-2.029169e-001
6.410329e+003,-2.042322e-001
6.412257e+003,-2.003896e-001
6.414186e+003,-1.988952e-001
6.416115e+003,-2.008686e-001
6.418043e+003,-1.990128e-001
6.419972e+003,-1.963401e-001
6.421900e+003,-1.959059e-001
6.423829e+003,-1.993233e-001
6.425757e+003,-1.998853e-001
6.427686e+003,-1.982155e-001
6.429614e+003,-1.973742e-001
6.431542e+003,-1.991139e-001
6.433471e+003,-1.998012e-001
6.435399e+003,-2.010732e-001
6.437328e+003,-1.993456e-001
6.439256e+003,-1.975529e-001
6.441185e+003,-1.972650e-001
6.443113e+003,-1.983592e-001
6.445042e+003,-1.975742e-001
6.446971e+003,-1.973509e-001
6.448899e+003,-1.993814e-001
6.450828e+003,-2.008135e-001
6.452756e+003,-1.989424e-001
6.454685e+003,-2.003753e-001
6.456613e+003,-1.996499e-001
6.458542e+003,-1.992247e-001
6.460470e+003,-2.002836e-001
6.462398e+003,-2.008183e-001
6.464327e+003,-2.009101e-001
6.466255e+003,-1.995983e-001
6.468184e+003,-1.975897e-001
6.470112e+003,-1.986779e-001
6.472041e+003,-2.005582e-001
6.473970e+003,-2.015005e-001
6.475898e+003,-2.014081e-001
6.477827e+003,-2.036758e-001
6.479755e+003,-2.027271e-001
6.481684e+003,-1.991050e-001
6.483612e+003,-1.976516e-001
6.485541e+003,-1.993369e-001
6.487469e+003,-1.999424e-001
6.489397e+003,-1.987783e-001
6.491326e+003,-1.978116e-001
6.493254e+003,-1.965609e-001
6.495183e+003,-1.981073e-001
6.497111e+003,-2.015263e-001
6.499040e+003,-1.988610e-001
6.500968e+003,-1.987090e-001
6.502897e+003,-1.985391e-001
6.504826e+003,-1.968393e-001
6.506754e+003,-1.946868e-001
6.508683e+003,-1.974949e-001
6.510611e+003,-2.008797e-001
6.512540e+003,-1.996830e-001
6.514468e+003,-1.985905e-001
6.516396e+003,-1.988223e-001
6.518325e+003,-1.969650e-001
6.520253e+003,-1.952880e-001
6.522182e+003,-1.956134e-001
6.524110e+003,-1.976371e-001
6.526039e+003,-1.959165e-001
6.527967e+003,-1.976972e-001
6.529896e+003,-1.991966e-001
6.531824e+003,-1.980069e-001
6.533753e+003,-1.989031e-001
6.535682e+003,-2.020540e-001
6.537610e+003,-1.984698e-001
6.539539e+003,-1.960124e-001
6.541467e+003,-1.960591e-001
6.543396e+003,-1.970984e-001
6.545324e+003,-1.957511e-001
6.547252e+003,-1.970437e-001
6.549181e+003,-1.977326e-001
6.551109e+003,-1.965301e-001
6.553038e+003,-1.973794e-001
6.554966e+003,-2.003659e-001
6.556895e+003,-1.991307e-001
6.558823e+003,-1.959838e-001
6.560752e+003,-1.939570e-001
6.562680e+003,-1.949289e-001
6.564609e+003,-1.949588e-001
6.566538e+003,-1.991157e-001
6.568466e+003,-1.987384e-001
6.570395e+003,-1.970342e-001
6.572323e+003,-1.987873e-001
6.574251e+003,-1.968875e-001
6.576180e+003,-1.932877e-001
6.578108e+003,-1.958555e-001
6.580037e+003,-1.964099e-001
6.581965e+003,-1.947293e-001
6.583894e+003,-1.949602e-001
6.585822e+003,-1.970639e-001
6.587751e+003,-1.962984e-001
6.589679e+003,-1.930114e-001
6.591608e+003,-1.927270e-001
6.593537e+003,-1.952383e-001
6.595465e+003,-1.955053e-001
6.597394e+003,-1.959887e-001
6.599322e+003,-1.957226e-001
6.601250e+003,-1.981998e-001
6.603179e+003,-1.998527e-001
6.605107e+003,-2.005689e-001
6.607036e+003,-1.989197e-001
6.608964e+003,-1.964953e-001
6.610893e+003,-1.966476e-001
6.612821e+003,-1.980658e-001
6.614750e+003,-1.955617e-001
6.616678e+003,-1.952707e-001
6.618607e+003,-1.969529e-001
6.620535e+003,-1.980783e-001
6.622464e+003,-1.989190e-001
6.624393e+003,-1.992256e-001
6.626321e+003,-1.993103e-001
6.628250e+003,-2.017155e-001
6.630178e+003,-1.983427e-001
6.632106e+003,-1.960114e-001
6.634035e+003,-1.964934e-001
6.635963e+003,-1.968866e-001
6.637892e+003,-1.958294e-001
6.639820e+003,-1.981993e-001
6.641749e+003,-1.971216e-001
6.643677e+003,-1.971345e-001
6.645606e+003,-1.972673e-001
6.647534e+003,-1.992520e-001
6.649463e+003,-1.997927e-001
6.651391e+003,-2.004867e-001
6.653320e+003,-1.987353e-001
6.655249e+003,-1.965850e-001
6.657177e+003,-1.971132e-001
6.659105e+003,-2.003259e-001
6.661034e+003,-1.994750e-001
6.662962e+003,-1.983442e-001
6.664891e+003,-1.951521e-001
6.666819e+003,-1.946705e-001
6.668748e+003,-1.982861e-001
6.670676e+003,-2.008239e-001
6.672605e+003,-2.002581e-001
6.674533e+003,-2.028077e-001
6.676462e+003,-2.038087e-001
6.678390e+003,-2.028117e-001
6.680319e+003,-1.990073e-001
6.682248e+003,-2.000123e-001
6.684176e+003,-1.994990e-001
6.686104e+003,-1.993873e-001
6.688033e+003,-2.007797e-001
6.689961e+003,-2.002075e-001
6.691890e+003,-1.995815e-001
6.693818e+003,-2.024672e-001
6.695747e+003,-1.977389e-001
6.697675e+003,-1.965002e-001
6.699604e+003,-1.966426e-001
6.701532e+003,-1.961714e-001
6.703461e+003,-1.986944e-001
6.705389e+003,-1.990563e-001
6.707318e+003,-2.005562e-001
6.709246e+003,-2.013787e-001
6.711175e+003,-1.971366e-001
6.713104e+003,-1.971136e-001
6.715032e+003,-2.021450e-001
6.716960e+003,-2.057028e-001
6.718889e+003,-2.042599e-001
6.720817e+003,-1.976610e-001
6.722746e+003,-1.961724e-001
6.724674e+003,-2.002948e-001
6.726603e+003,-1.968027e-001
6.728531e+003,-1.960084e-001
6.730460e+003,-1.986127e-001
6.732388e+003,-1.992154e-001
6.734317e+003,-1.973939e-001
6.736245e+003,-1.984974e-001
6.738174e+003,-1.966315e-001
6.740102e+003,-1.960884e-001
6.742031e+003,-1.962561e-001
6.743959e+003,-1.993977e-001
6.745888e+003,-1.995107e-001
6.747816e+003,-1.994275e-001
6.749745e+003,-1.981895e-001
6.751673e+003,-1.978669e-001
6.753602e+003,-1.986623e-001
6.755530e+003,-1.995326e-001
6.757459e+003,-1.983950e-001
6.759387e+003,-1.971235e-001
6.761316e+003,-1.961301e-001
6.763244e+003,-2.018592e-001
6.765173e+003,-1.988878e-001
6.767101e+003,-1.962789e-001
6.769030e+003,-1.963721e-001
6.770958e+003,-1.968185e-001
6.772887e+003,-1.962048e-001
6.774815e+003,-1.987877e-001
6.776744e+003,-2.020089e-001
6.778672e+003,-2.024127e-001
6.780601e+003,-1.983273e-001
6.782529e+003,-1.937740e-001
6.784458e+003,-1.913493e-001
6.786386e+003,-1.911115e-001
6.788315e+003,-1.925153e-001
6.790243e+003,-1.964625e-001
6.792172e+003,-1.962083e-001
6.794100e+003,-1.942760e-001
6.796029e+003,-1.944106e-001
6.797957e+003,-1.962871e-001
6.799886e+003,-1.960935e-001
6.801814e+003,-1.962407e-001
6.803743e+003,-1.961525e-001
6.805671e+003,-1.959435e-001
6.807600e+003,-1.952132e-001
6.809528e+003,-1.962767e-001
6.811457e+003,-1.948021e-001
6.813385e+003,-1.944639e-001
6.815313e+003,-1.953017e-001
6.817242e+003,-1.988663e-001
6.819171e+003,-1.964626e-001
6.821099e+003,-1.947017e-001
6.823028e+003,-1.961982e-001
6.824956e+003,-1.953557e-001
6.826885e+003,-1.942431e-001
6.828813e+003,-1.993456e-001
6.830742e+003,-1.975773e-001
6.832670e+003,-1.943872e-001
6.834599e+003,-1.973646e-001
6.836527e+003,-2.020112e-001
6.838456e+003,-1.973722e-001
6.840384e+003,-1.919662e-001
6.842313e+003,-1.915390e-001
6.844241e+003,-1.941209e-001
6.846170e+003,-1.926788e-001
6.848098e+003,-1.926150e-001
6.850027e+003,-1.925707e-001
6.851955e+003,-1.945062e-001
6.853884e+003,-1.944343e-001
6.855812e+003,-1.932629e-001
6.857741e+003,-1.932333e-001
6.859669e+003,-1.937091e-001
6.861598e+003,-1.911636e-001
6.863526e+003,-1.952873e-001
6.865455e+003,-1.952663e-001
6.867383e+003,-1.941339e-001
6.869312e+003,-1.977053e-001
6.871240e+003,-1.976684e-001
6.873168e+003,-1.925813e-001
6.875097e+003,-1.935454e-001
6.877026e+003,-1.913017e-001
6.878954e+003,-1.913047e-001
6.880883e+003,-1.962951e-001
6.882811e+003,-1.975040e-001
6.884740e+003,-1.944066e-001
6.886668e+003,-1.944001e-001
6.888597e+003,-1.936392e-001
6.890525e+003,-1.907937e-001
6.892454e+003,-1.883905e-001
6.894382e+003,-1.866503e-001
6.896311e+003,-1.861691e-001
6.898239e+003,-1.898871e-001
6.900167e+003,-1.942284e-001
6.902096e+003,-1.951083e-001
6.904024e+003,-1.954176e-001
6.905953e+003,-1.960277e-001
6.907882e+003,-1.913726e-001
6.909810e+003,-1.897160e-001
6.911739e+003,-1.908298e-001
6.913667e+003,-1.942318e-001
6.915596e+003,-1.958359e-001
6.917524e+003,-1.982311e-001
6.919453e+003,-1.929978e-001
6.921381e+003,-1.884757e-001
6.923310e+003,-1.925006e-001
6.925238e+003,-1.942803e-001
6.927167e+003,-1.871057e-001
6.929095e+003,-1.888373e-001
6.931023e+003,-1.963613e-001
6.932952e+003,-1.965399e-001
6.934881e+003,-1.906502e-001
6.936809e+003,-1.879934e-001
6.938738e+003,-1.876404e-001
6.940666e+003,-1.942341e-001
6.942595e+003,-1.972158e-001
6.944523e+003,-1.945150e-001
6.946452e+003,-1.923036e-001
6.948380e+003,-1.935075e-001
6.950309e+003,-1.938484e-001
6.952237e+003,-1.962412e-001
6.954166e+003,-1.954324e-001
6.956094e+003,-1.930110e-001
6.958022e+003,-1.919427e-001
6.959951e+003,-1.944399e-001
6.961879e+003,-1.892585e-001
6.963808e+003,-1.871759e-001
6.965737e+003,-1.864153e-001
6.967665e+003,-1.895788e-001
6.969594e+003,-1.952391e-001
6.971522e+003,-1.978689e-001
6.973451e+003,-1.952173e-001
6.975379e+003,-1.908258e-001
6.977308e+003,-1.897015e-001
6.979236e+003,-1.963149e-001
6.981165e+003,-1.978729e-001
6.983093e+003,-1.957456e-001
6.985021e+003,-1.921461e-001
6.986950e+003,-1.919757e-001
6.988878e+003,-1.932937e-001
6.990807e+003,-1.970770e-001
6.992735e+003,-2.002936e-001
6.994664e+003,-2.024623e-001
6.996593e+003,-1.968899e-001
6.998521e+003,-1.953429e-001
7.000450e+003,-1.953656e-001
7.002378e+003,-1.962475e-001
7.004307e+003,-1.976320e-001
7.006235e+003,-1.949152e-001
7.008164e+003,-1.926034e-001
7.010092e+003,-1.944779e-001
7.012021e+003,-1.932704e-001
7.013949e+003,-1.918976e-001
7.015877e+003,-1.934166e-001
7.017806e+003,-1.940791e-001
7.019734e+003,-1.918432e-001
7.021663e+003,-1.913166e-001
7.023592e+003,-1.892651e-001
7.025520e+003,-1.906312e-001
7.027449e+003,-1.944308e-001
7.029377e+003,-1.970506e-001
7.031306e+003,-1.933971e-001
7.033234e+003,-1.907165e-001
7.035163e+003,-1.893941e-001
7.037091e+003,-1.957024e-001
7.039020e+003,-1.990259e-001
7.040948e+003,-1.988347e-001
7.042876e+003,-1.947111e-001
7.044805e+003,-1.953271e-001
7.046733e+003,-1.940234e-001
7.048662e+003,-1.904010e-001
7.050590e+003,-1.877092e-001
7.052519e+003,-1.916176e-001
7.054448e+003,-1.941961e-001
7.056376e+003,-1.953958e-001
7.058305e+003,-1.946857e-001
7.060233e+003,-1.926700e-001
7.062162e+003,-1.887755e-001
7.064090e+003,-1.907571e-001
7.066019e+003,-1.877389e-001
7.067947e+003,-1.881253e-001
7.069875e+003,-1.911945e-001
7.071804e+003,-1.920697e-001
7.073732e+003,-1.921943e-001
7.075661e+003,-1.955377e-001
7.077589e+003,-1.948441e-001
7.079518e+003,-1.923353e-001
7.081446e+003,-1.922260e-001
7.083375e+003,-1.958906e-001
7.085304e+003,-1.972377e-001
7.087232e+003,-1.931897e-001
7.089161e+003,-1.894648e-001
7.091089e+003,-1.872175e-001
7.093018e+003,-1.894432e-001
7.094946e+003,-1.910417e-001
7.096875e+003,-1.936360e-001
7.098803e+003,-1.942483e-001
7.100731e+003,-1.926342e-001
7.102660e+003,-1.922220e-001
7.104588e+003,-1.859802e-001
7.106517e+003,-1.879216e-001
7.108445e+003,-1.916594e-001
7.110374e+003,-1.888188e-001
7.112302e+003,-1.875819e-001
7.114231e+003,-1.930830e-001
7.116160e+003,-1.941237e-001
7.118088e+003,-1.928784e-001
7.120017e+003,-1.942495e-001
7.121945e+003,-1.965600e-001
7.123874e+003,-1.902213e-001
7.125802e+003,-1.852476e-001
7.127730e+003,-1.854242e-001
7.129659e+003,-1.861816e-001
7.131587e+003,-1.836719e-001
7.133516e+003,-1.865206e-001
7.135444e+003,-1.910142e-001
7.137373e+003,-1.973713e-001
7.139301e+003,-1.963900e-001
7.141230e+003,-1.897177e-001
7.143159e+003,-1.894753e-001
7.145087e+003,-1.899011e-001
7.147016e+003,-1.890882e-001
7.148944e+003,-1.880188e-001
7.150873e+003,-1.847265e-001
7.152801e+003,-1.837404e-001
7.154729e+003,-1.863668e-001
7.156658e+003,-1.829372e-001
7.158586e+003,-1.832657e-001
7.160515e+003,-1.942967e-001
7.162443e+003,-1.912526e-001
7.164372e+003,-1.886275e-001
7.166300e+003,-1.902266e-001
7.168229e+003,-1.908982e-001
7.170157e+003,-1.870020e-001
7.172086e+003,-1.872221e-001
7.174015e+003,-1.863008e-001
7.175943e+003,-1.847949e-001
7.177872e+003,-1.842642e-001
7.179800e+003,-1.900674e-001
7.181729e+003,-1.936748e-001
7.183657e+003,-1.879702e-001
7.185585e+003,-1.865944e-001
7.187514e+003,-1.880428e-001
7.189442e+003,-1.871890e-001
7.191371e+003,-1.887112e-001
7.193299e+003,-1.875172e-001
7.195228e+003,-1.878584e-001
7.197156e+003,-1.860757e-001
7.199085e+003,-1.851870e-001
7.201013e+003,-1.823942e-001
7.202942e+003,-1.846189e-001
7.204871e+003,-1.842503e-001
7.206799e+003,-1.756940e-001
7.208728e+003,-1.733277e-001
7.210656e+003,-1.810698e-001
7.212584e+003,-1.833244e-001
7.214513e+003,-1.853274e-001
7.216441e+003,-1.859645e-001
7.218370e+003,-1.855663e-001
7.220298e+003,-1.833886e-001
7.222227e+003,-1.784444e-001
7.224155e+003,-1.809098e-001
7.226084e+003,-1.891968e-001
7.228012e+003,-1.878782e-001
7.229941e+003,-1.882845e-001
7.231870e+003,-1.904658e-001
7.233798e+003,-1.915275e-001
7.235727e+003,-1.907472e-001
7.237655e+003,-1.876188e-001
7.239583e+003,-1.825305e-001
7.241512e+003,-1.836634e-001
7.243440e+003,-1.781053e-001
7.245369e+003,-1.777380e-001
7.247297e+003,-1.838482e-001
7.249226e+003,-1.879518e-001
7.251154e+003,-1.877079e-001
7.253083e+003,-1.885177e-001
7.255011e+003,-1.839174e-001
7.256940e+003,-1.835770e-001
7.258868e+003,-1.896934e-001
7.260797e+003,-1.941201e-001
7.262726e+003,-1.923481e-001
7.264654e+003,-1.912420e-001
7.266583e+003,-1.851820e-001
7.268511e+003,-1.810250e-001
7.270439e+003,-1.822222e-001
7.272368e+003,-1.826993e-001
7.274296e+003,-1.798378e-001
7.276225e+003,-1.819486e-001
7.278153e+003,-1.838888e-001
7.280082e+003,-1.813057e-001
7.282010e+003,-1.754708e-001
7.283939e+003,-1.804744e-001
7.285867e+003,-1.877194e-001
7.287796e+003,-1.800573e-001
7.289724e+003,-1.813723e-001
7.291653e+003,-1.911492e-001
7.293582e+003,-1.887020e-001
7.295510e+003,-1.857371e-001
7.297438e+003,-1.890040e-001
7.299367e+003,-1.901850e-001
7.301295e+003,-1.897334e-001
7.303224e+003,-1.886604e-001
7.305152e+003,-1.897162e-001
7.307081e+003,-1.927831e-001
7.309009e+003,-1.857948e-001
7.310938e+003,-1.874775e-001
7.312866e+003,-1.897053e-001
7.314795e+003,-1.843124e-001
7.316723e+003,-1.817683e-001
7.318652e+003,-1.816426e-001
7.320581e+003,-1.790680e-001
7.322509e+003,-1.903668e-001
7.324438e+003,-1.957830e-001
7.326366e+003,-1.944325e-001
7.328294e+003,-1.925886e-001
7.330223e+003,-1.837893e-001
7.332151e+003,-1.731972e-001
7.334080e+003,-1.758125e-001
7.336008e+003,-1.818128e-001
7.337937e+003,-1.828237e-001
7.339865e+003,-1.813195e-001
7.341794e+003,-1.856708e-001
7.343722e+003,-1.826331e-001
7.345651e+003,-1.773961e-001
7.347579e+003,-1.721575e-001
7.349508e+003,-1.820172e-001
7.351437e+003,-1.841914e-001
7.353365e+003,-1.842448e-001
7.355293e+003,-1.857746e-001
7.357222e+003,-1.813174e-001
7.359150e+003,-1.819386e-001
7.361079e+003,-1.878936e-001
7.363007e+003,-1.812715e-001
7.364936e+003,-1.751370e-001
7.366864e+003,-1.728862e-001
7.368793e+003,-1.789775e-001
7.370721e+003,-1.780259e-001
7.372650e+003,-1.739012e-001
7.374578e+003,-1.759839e-001
7.376507e+003,-1.783801e-001
7.378435e+003,-1.768011e-001
7.380364e+003,-1.826327e-001
7.382292e+003,-1.804449e-001
7.384221e+003,-1.778742e-001
7.386149e+003,-1.685680e-001
7.388078e+003,-1.666154e-001
7.390006e+003,-1.725624e-001
7.391935e+003,-1.804407e-001
7.393863e+003,-1.821691e-001
7.395792e+003,-1.829483e-001
7.397720e+003,-1.782641e-001
7.399649e+003,-1.729717e-001
7.401577e+003,-1.745412e-001
7.403506e+003,-1.771744e-001
7.405434e+003,-1.721322e-001
7.407363e+003,-1.736722e-001
7.409291e+003,-1.766378e-001
7.411220e+003,-1.845196e-001
7.413148e+003,-1.868976e-001
7.415077e+003,-1.781504e-001
7.417005e+003,-1.669409e-001
7.418934e+003,-1.675090e-001
7.420862e+003,-1.670734e-001
7.422791e+003,-1.757939e-001
7.424719e+003,-1.788051e-001
7.426648e+003,-1.702068e-001
7.428576e+003,-1.653297e-001
7.430505e+003,-1.663384e-001
7.432433e+003,-1.743114e-001
7.434362e+003,-1.782954e-001
7.436290e+003,-1.774273e-001
7.438219e+003,-1.819045e-001
7.440147e+003,-1.797144e-001
7.442076e+003,-1.750191e-001
7.444004e+003,-1.704918e-001
7.445933e+003,-1.739631e-001
7.447861e+003,-1.783383e-001
7.449790e+003,-1.763370e-001
7.451718e+003,-1.682560e-001
7.453646e+003,-1.731663e-001
7.455575e+003,-1.825889e-001
7.457504e+003,-1.824508e-001
7.459432e+003,-1.732402e-001
7.461361e+003,-1.700806e-001
7.463289e+003,-1.701663e-001
7.465218e+003,-1.700610e-001
7.467146e+003,-1.761936e-001
7.469075e+003,-1.728768e-001
7.471003e+003,-1.650475e-001
7.472932e+003,-1.766547e-001
7.474860e+003,-1.793642e-001
7.476789e+003,-1.774243e-001
7.478717e+003,-1.754174e-001
7.480646e+003,-1.725127e-001
7.482574e+003,-1.708023e-001
7.484503e+003,-1.732495e-001
7.486431e+003,-1.680512e-001
7.488360e+003,-1.675840e-001
7.490288e+003,-1.727550e-001
7.492217e+003,-1.794563e-001
7.494145e+003,-1.792405e-001
7.496074e+003,-1.667590e-001
7.498002e+003,-1.541691e-001
7.499931e+003,-1.612125e-001
7.501859e+003,-1.732123e-001
7.503788e+003,-1.710240e-001
7.505716e+003,-1.678356e-001
7.507645e+003,-1.684383e-001
7.509573e+003,-1.650210e-001
7.511501e+003,-1.613660e-001
7.513430e+003,-1.665588e-001
7.515359e+003,-1.675775e-001
7.517287e+003,-1.695864e-001
7.519216e+003,-1.735881e-001
7.521144e+003,-1.627326e-001
7.523073e+003,-1.605989e-001
7.525001e+003,-1.637776e-001
7.526930e+003,-1.661376e-001
7.528858e+003,-1.554104e-001
7.530787e+003,-1.485390e-001
7.532715e+003,-1.625563e-001
7.534644e+003,-1.778151e-001
7.536572e+003,-1.761861e-001
7.538500e+003,-1.777439e-001
7.540429e+003,-1.747342e-001
7.542357e+003,-1.695056e-001
7.544286e+003,-1.647107e-001
7.546215e+003,-1.745840e-001
7.548143e+003,-1.812490e-001
7.550072e+003,-1.720751e-001
7.552000e+003,-1.594342e-001
7.553929e+003,-1.603393e-001
7.555857e+003,-1.710814e-001
7.557786e+003,-1.806228e-001
7.559714e+003,-1.724304e-001
7.561643e+003,-1.730688e-001
7.563571e+003,-1.842847e-001
7.565500e+003,-1.817945e-001
7.567428e+003,-1.691955e-001
7.569356e+003,-1.654879e-001
7.571285e+003,-1.661528e-001
7.573214e+003,-1.720807e-001
7.575142e+003,-1.684279e-001
7.577071e+003,-1.663899e-001
7.578999e+003,-1.749060e-001
7.580928e+003,-1.754872e-001
7.582856e+003,-1.642126e-001
7.584785e+003,-1.706591e-001
7.586713e+003,-1.740667e-001
7.588642e+003,-1.679234e-001
7.590570e+003,-1.573876e-001
7.592499e+003,-1.566146e-001
7.594427e+003,-1.643339e-001
7.596355e+003,-1.682336e-001
7.598284e+003,-1.617011e-001
7.600212e+003,-1.788055e-001
7.602141e+003,-1.856552e-001
7.604070e+003,-1.783483e-001
7.605998e+003,-1.774812e-001
7.607927e+003,-1.799808e-001
7.609855e+003,-1.618138e-001
7.611784e+003,-1.472513e-001
7.613712e+003,-1.510388e-001
7.615641e+003,-1.693632e-001
7.617569e+003,-1.762218e-001
7.619498e+003,-1.597189e-001
7.621426e+003,-1.570250e-001
7.623354e+003,-1.632951e-001
7.625283e+003,-1.467979e-001
7.627211e+003,-1.440425e-001
7.629140e+003,-1.566863e-001
7.631068e+003,-1.572176e-001
7.632997e+003,-1.565062e-001
7.634926e+003,-1.733264e-001
7.636854e+003,-1.851767e-001
7.638783e+003,-1.730161e-001
7.640711e+003,-1.594726e-001
7.642640e+003,-1.732484e-001
7.644568e+003,-1.757089e-001
7.646497e+003,-1.662313e-001
7.648425e+003,-1.557980e-001
7.650354e+003,-1.607575e-001
7.652282e+003,-1.672021e-001
7.654210e+003,-1.725964e-001
7.656139e+003,-1.640593e-001
7.658067e+003,-1.631873e-001
7.659996e+003,-1.794085e-001
7.661925e+003,-1.823772e-001
7.663853e+003,-1.720567e-001
7.665782e+003,-1.631842e-001
7.667710e+003,-1.562713e-001
7.669639e+003,-1.626581e-001
7.671567e+003,-1.647660e-001
7.673496e+003,-1.669566e-001
7.675424e+003,-1.496478e-001
7.677353e+003,-1.402461e-001
7.679281e+003,-1.513416e-001
7.681209e+003,-1.531167e-001
7.683138e+003,-1.423019e-001
7.685066e+003,-1.460647e-001
7.686995e+003,-1.610393e-001
7.688923e+003,-1.727837e-001
7.690852e+003,-1.575169e-001
7.692781e+003,-1.556912e-001
7.694709e+003,-1.577204e-001
7.696638e+003,-1.484928e-001
7.698566e+003,-1.556708e-001
7.700495e+003,-1.661628e-001
7.702423e+003,-1.588017e-001
7.704352e+003,-1.546201e-001
7.706280e+003,-1.532517e-001
7.708208e+003,-1.545411e-001
7.710137e+003,-1.444091e-001
7.712065e+003,-1.347908e-001
7.713994e+003,-1.512348e-001
7.715922e+003,-1.583457e-001
7.717851e+003,-1.501087e-001
7.719779e+003,-1.574874e-001
7.721708e+003,-1.692915e-001
7.723637e+003,-1.573845e-001
7.725565e+003,-1.420182e-001
7.727494e+003,-1.400100e-001
7.729422e+003,-1.373139e-001
7.731351e+003,-1.435350e-001
7.733279e+003,-1.608424e-001
7.735208e+003,-1.539069e-001
7.737136e+003,-1.337994e-001
7.739064e+003,-1.388330e-001
7.740993e+003,-1.549869e-001
7.742921e+003,-1.621594e-001
7.744850e+003,-1.638956e-001
7.746778e+003,-1.700255e-001
7.748707e+003,-1.683104e-001
7.750635e+003,-1.634821e-001
7.752564e+003,-1.481358e-001
7.754493e+003,-1.349555e-001
7.756421e+003,-1.213018e-001
7.758350e+003,-1.367986e-001
7.760278e+003,-1.557405e-001
7.762207e+003,-1.712797e-001
7.764135e+003,-1.564153e-001
7.766063e+003,-1.339608e-001
7.767992e+003,-1.348276e-001
7.769920e+003,-1.543424e-001
7.771849e+003,-1.537835e-001
7.773777e+003,-1.470708e-001
7.775706e+003,-1.466806e-001
7.777634e+003,-1.457848e-001
7.779563e+003,-1.483813e-001
7.781492e+003,-1.561535e-001
7.783420e+003,-1.510409e-001
7.785349e+003,-1.543589e-001
7.787277e+003,-1.503083e-001
7.789206e+003,-1.492797e-001
7.791134e+003,-1.453457e-001
7.793063e+003,-1.488936e-001
7.794991e+003,-1.549602e-001
7.796919e+003,-1.448774e-001
7.798848e+003,-1.321449e-001
7.800776e+003,-1.407665e-001
7.802705e+003,-1.374553e-001
7.804633e+003,-1.443083e-001
7.806562e+003,-1.550424e-001
7.808490e+003,-1.478365e-001
7.810419e+003,-1.385113e-001
7.812348e+003,-1.549233e-001
7.814276e+003,-1.575111e-001
7.816205e+003,-1.396889e-001
7.818133e+003,-1.384986e-001
7.820062e+003,-1.448512e-001
7.821990e+003,-1.265257e-001
7.823918e+003,-1.275062e-001
7.825847e+003,-1.258781e-001
7.827775e+003,-1.351421e-001
7.829704e+003,-1.552368e-001
7.831632e+003,-1.658946e-001
7.833561e+003,-1.549041e-001
7.835489e+003,-1.506194e-001
7.837418e+003,-1.534574e-001
7.839346e+003,-1.518789e-001
7.841275e+003,-1.348833e-001
7.843204e+003,-1.485193e-001
7.845132e+003,-1.763272e-001
7.847061e+003,-1.704506e-001
7.848989e+003,-1.638600e-001
7.850917e+003,-1.586979e-001
7.852846e+003,-1.487108e-001
7.854774e+003,-1.475244e-001
7.856703e+003,-1.648443e-001
7.858631e+003,-1.719595e-001
7.860560e+003,-1.561692e-001
7.862488e+003,-1.362752e-001
7.864417e+003,-1.334896e-001
7.866345e+003,-1.425145e-001
7.868274e+003,-1.369366e-001
7.870203e+003,-1.374460e-001
7.872131e+003,-1.347742e-001
7.874060e+003,-1.421402e-001
7.875988e+003,-1.444737e-001
7.877917e+003,-1.564232e-001
7.879845e+003,-1.465191e-001
7.881773e+003,-1.401709e-001
7.883702e+003,-1.558242e-001
7.885630e+003,-1.779982e-001
7.887559e+003,-1.821399e-001
7.889487e+003,-1.682644e-001
7.891416e+003,-1.431741e-001
7.893344e+003,-1.290677e-001
7.895273e+003,-1.138675e-001
7.897201e+003,-1.275887e-001
7.899130e+003,-1.357321e-001
7.901059e+003,-1.401897e-001
7.902987e+003,-1.481011e-001
7.904916e+003,-1.624749e-001
7.906844e+003,-1.634462e-001
7.908772e+003,-1.665978e-001
7.910701e+003,-1.416468e-001
7.912629e+003,-1.423609e-001
7.914558e+003,-1.561913e-001
7.916486e+003,-1.499256e-001
7.918415e+003,-1.394103e-001
7.920343e+003,-1.318783e-001
7.922272e+003,-1.116771e-001
7.924200e+003,-1.198513e-001
7.926129e+003,-1.376694e-001
7.928057e+003,-1.204387e-001
7.929986e+003,-1.173206e-001
7.931915e+003,-1.214960e-001
7.933843e+003,-1.219964e-001
7.935771e+003,-1.340154e-001
7.937700e+003,-1.344786e-001
7.939628e+003,-1.431654e-001
7.941557e+003,-1.324248e-001
7.943485e+003,-1.274656e-001
7.945414e+003,-1.446016e-001
7.947342e+003,-1.490397e-001
7.949271e+003,-1.307824e-001
7.951199e+003,-1.205160e-001
7.953128e+003,-1.285023e-001
7.955056e+003,-1.290417e-001
7.956985e+003,-1.252337e-001
7.958914e+003,-1.172958e-001
7.960842e+003,-1.176451e-001
7.962771e+003,-1.189267e-001
7.964699e+003,-1.136915e-001
7.966627e+003,-1.236779e-001
7.968556e+003,-1.345124e-001
7.970484e+003,-1.495260e-001
7.972413e+003,-1.584829e-001
7.974341e+003,-1.543054e-001
7.976270e+003,-1.525925e-001
7.978198e+003,-1.407871e-001
7.980127e+003,-1.277100e-001
7.982055e+003,-1.298380e-001
7.983984e+003,-1.173965e-001
7.985912e+003,-1.202236e-001
7.987841e+003,-1.243638e-001
7.989770e+003,-1.231897e-001
7.991698e+003,-1.493953e-001
7.993626e+003,-1.755247e-001
7.995555e+003,-1.378937e-001
7.997483e+003,-1.141381e-001
7.999412e+003,-1.398106e-001
8.001340e+003,-1.636544e-001
8.003269e+003,-1.449276e-001
8.005197e+003,-1.250802e-001
8.007126e+003,-9.204305e-002
8.009054e+003,-8.985196e-002
8.010983e+003,-1.142377e-001
8.012911e+003,-1.239352e-001
8.014840e+003,-1.254160e-001
8.016768e+003,-1.424628e-001
8.018697e+003,-1.419837e-001
8.020625e+003,-1.246086e-001
8.022554e+003,-1.127639e-001
8.024482e+003,-1.301666e-001
8.026411e+003,-1.227297e-001
8.028339e+003,-1.020398e-001
8.030268e+003,-1.139901e-001
8.032196e+003,-1.210298e-001
8.034125e+003,-1.467972e-001
8.036053e+003,-1.592141e-001
8.037982e+003,-1.294424e-001
8.039910e+003,-1.366250e-001
8.041839e+003,-1.237614e-001
8.043767e+003,-1.166059e-001
8.045696e+003,-1.282570e-001
8.047624e+003,-1.309085e-001
8.049553e+003,-1.186658e-001
8.051481e+003,-9.020970e-002
8.053410e+003,-6.974210e-002
8.055338e+003,-8.733616e-002
8.057267e+003,-1.288808e-001
8.059195e+003,-1.293703e-001
8.061124e+003,-1.205120e-001
8.063052e+003,-1.484386e-001
8.064981e+003,-1.817761e-001
8.066909e+003,-1.791265e-001
8.068838e+003,-1.161902e-001
8.070766e+003,-1.039797e-001
8.072695e+003,-1.160238e-001
8.074623e+003,-1.188300e-001
8.076552e+003,-9.960845e-002
8.078480e+003,-1.061219e-001
8.080409e+003,-1.164454e-001
8.082337e+003,-1.424475e-001
8.084266e+003,-1.252688e-001
8.086194e+003,-1.081190e-001
8.088123e+003,-1.106112e-001
8.090051e+003,-9.385168e-002
8.091979e+003,-9.806073e-002
8.093908e+003,-1.087477e-001
8.095837e+003,-9.314073e-002
8.097765e+003,-9.490816e-002
8.099694e+003,-1.006374e-001
8.101622e+003,-1.097858e-001
8.103551e+003,-1.146875e-001
8.105479e+003,-1.068067e-001
8.107408e+003,-9.941901e-002
8.109336e+003,-1.043908e-001
8.111265e+003,-1.038024e-001
8.113193e+003,-8.466146e-002
8.115122e+003,-6.450292e-002
8.117050e+003,-9.045482e-002
8.118979e+003,-1.308802e-001
8.120907e+003,-1.504974e-001
8.122836e+003,-1.324317e-001
8.124764e+003,-1.045512e-001
8.126693e+003,-1.206769e-001
8.128621e+003,-1.277047e-001
8.130550e+003,-1.080639e-001
8.132478e+003,-9.610435e-002
8.134407e+003,-1.135887e-001
8.136335e+003,-1.337707e-001
8.138264e+003,-1.243186e-001
8.140192e+003,-1.075070e-001
8.142121e+003,-1.047953e-001
8.144049e+003,-1.258002e-001
8.145978e+003,-1.371631e-001
8.147906e+003,-8.364046e-002
8.149834e+003,-5.651151e-002
8.151763e+003,-1.060235e-001
8.153692e+003,-1.077693e-001
8.155620e+003,-8.608367e-002
8.157549e+003,-1.233377e-001
8.159477e+003,-1.342477e-001
8.161406e+003,-1.318884e-001
8.163334e+003,-1.092990e-001
8.165263e+003,-8.393251e-002
8.167191e+003,-1.039639e-001
8.169120e+003,-1.220770e-001
8.171048e+003,-1.065127e-001
8.172977e+003,-1.107115e-001
8.174905e+003,-8.670839e-002
8.176833e+003,-6.433003e-002
8.178762e+003,-5.747418e-002
8.180690e+003,-7.675628e-002
8.182619e+003,-1.169872e-001
8.184548e+003,-1.416760e-001
8.186476e+003,-1.222333e-001
8.188405e+003,-8.191444e-002
8.190333e+003,-4.485234e-002
8.192262e+003,-8.978565e-002
8.194190e+003,-1.460452e-001
8.196118e+003,-1.272956e-001
8.198047e+003,-9.711643e-002
8.199976e+003,-6.517313e-002
8.201904e+003,-7.242060e-002
8.203833e+003,-1.007417e-001
8.205761e+003,-1.487654e-001
8.207689e+003,-1.245932e-001
8.209618e+003,-8.505151e-002
8.211547e+003,-1.159767e-001
8.213476e+003,-1.000372e-001
8.215403e+003,-8.976590e-002
8.217332e+003,-1.341960e-001
8.219261e+003,-1.255767e-001
8.221189e+003,-7.987954e-002
8.223117e+003,-8.357046e-002
8.225046e+003,-1.349916e-001
8.226975e+003,-1.623884e-001
8.228903e+003,-1.305345e-001
8.230832e+003,-1.192556e-001
8.232760e+003,-1.723110e-001
8.234688e+003,-1.469460e-001
8.236617e+003,-1.398917e-001
8.238546e+003,-1.272307e-001
8.240474e+003,-9.941608e-002
8.242402e+003,-9.528505e-002
8.244331e+003,-9.664722e-002
8.246260e+003,-7.751922e-002
8.248188e+003,-8.832287e-002
8.250116e+003,-1.295281e-001
8.252045e+003,-1.652427e-001
8.253974e+003,-1.391380e-001
8.255902e+003,-1.250362e-001
8.257831e+003,-1.305111e-001
8.259759e+003,-1.621729e-001
8.261688e+003,-1.485928e-001
8.263616e+003,-1.332024e-001
8.265545e+003,-1.205699e-001
8.267473e+003,-1.239299e-001
8.269401e+003,-1.307693e-001
8.271330e+003,-1.372742e-001
8.273259e+003,-1.123531e-001
8.275188e+003,-8.566411e-002
8.277115e+003,-9.958284e-002
8.279044e+003,-1.819903e-001
8.280973e+003,-1.633091e-001
8.282901e+003,-1.741717e-001
8.284829e+003,-1.221800e-001
8.286758e+003,-5.407563e-002
8.288687e+003,-7.921742e-002
8.290615e+003,-1.147191e-001
8.292544e+003,-1.610156e-001
8.294472e+003,-1.630907e-001
8.296400e+003,-1.128148e-001
8.298329e+003,-5.701627e-002
8.300258e+003,-7.691383e-002
8.302187e+003,-1.030161e-001
8.304114e+003,-1.058303e-001
8.306043e+003,-1.172010e-001
8.307972e+003,-1.497215e-001
8.309900e+003,-1.441285e-001
8.311828e+003,-1.015456e-001
8.313757e+003,-1.161407e-001
8.315686e+003,-1.629308e-001
8.317614e+003,-1.491560e-001
8.319543e+003,-1.251024e-001
8.321471e+003,-5.606942e-002
8.323399e+003,-5.336521e-002
8.325328e+003,-1.084884e-001
8.327257e+003,-2.368741e-002
8.329185e+003,4.553375e-002
8.331113e+003,-2.669867e-002
8.333042e+003,-1.891621e-001
8.334971e+003,-2.010308e-001
8.336899e+003,-1.515099e-001
8.338827e+003,-1.817515e-001
8.340756e+003,-1.466896e-001
8.342685e+003,-9.223668e-002
8.344613e+003,-6.569282e-002
8.346542e+003,-8.546551e-002
8.348470e+003,-7.129556e-002
8.350398e+003,-9.710959e-002
8.352327e+003,-1.043642e-001
8.354256e+003,-6.294230e-002
8.356184e+003,-5.778953e-002
8.358112e+003,-8.504114e-002
8.360041e+003,-8.569403e-002
8.361970e+003,-6.500584e-002
8.363898e+003,-7.030822e-002
8.365826e+003,-9.756261e-002
8.367755e+003,-8.901178e-002
8.369684e+003,-1.436034e-001
8.371612e+003,-1.378031e-001
8.373540e+003,-9.816054e-002
8.375469e+003,-7.540689e-002
8.377397e+003,-4.335283e-002
8.379326e+003,-5.125020e-002
8.381255e+003,-7.420038e-002
8.383183e+003,-1.080047e-001
8.385111e+003,-1.721114e-001
8.387040e+003,-1.777462e-001
8.388969e+003,-1.834910e-001
8.390897e+003,-2.173586e-001
8.392825e+003,-1.611455e-001
8.394754e+003,-1.211218e-001
8.396683e+003,-1.124934e-001
8.398611e+003,-1.225808e-001
8.400539e+003,-1.289084e-001
8.402468e+003,-1.174315e-001
8.404396e+003,-9.802231e-002
8.406325e+003,-8.416986e-002
8.408254e+003,-6.913591e-002
8.410182e+003,-9.280466e-002
8.412110e+003,-1.449377e-001
8.414039e+003,-9.367166e-002
8.415968e+003,-4.393879e-002
8.417896e+003,-1.062712e-001
8.419824e+003,-1.255457e-001
8.421753e+003,-4.905714e-002
8.423682e+003,-7.713011e-002
8.425610e+003,-8.423621e-002
8.427538e+003,-5.573472e-002
8.429467e+003,-1.098539e-001
8.431396e+003,-1.701379e-001
8.433324e+003,-1.698107e-001
8.435253e+003,-1.903848e-001
8.437181e+003,-1.449256e-001
8.439109e+003,-6.543224e-002
8.441038e+003,-8.022322e-002
8.442967e+003,-1.583745e-001
8.444895e+003,-9.931669e-002
8.446823e+003,1.416547e-002
8.448752e+003,-1.541287e-002
8.450681e+003,-9.475041e-002
8.452609e+003,-1.538933e-001
8.454537e+003,-9.134870e-002
8.456466e+003,-8.120738e-002
8.458395e+003,-1.145596e-001
8.460323e+003,-1.073591e-001
8.462251e+003,-5.235111e-002
8.464180e+003,-1.837465e-003
8.466108e+003,-1.106715e-001
8.468037e+003,-2.129105e-001
8.469966e+003,-1.375917e-001
8.471894e+003,-4.408912e-002
8.473822e+003,-1.104512e-001
8.475751e+003,-1.302407e-001
8.477680e+003,-1.987366e-001
8.479608e+003,-7.179450e-002
8.481536e+003,-7.076848e-002
8.483465e+003,-1.791093e-001
8.485394e+003,-1.852859e-001
8.487322e+003,-9.478070e-002
8.489250e+003,-6.437875e-002
8.491179e+003,-1.497120e-001
8.493107e+003,-1.426413e-001
8.495036e+003,-5.823860e-002
8.496965e+003,-2.753604e-003
8.498893e+003,1.342799e-004
8.500821e+003,5.253585e-002
